#phonon_branch          branch_frequency          I_tot(p, m)
#q      1  0.000000  0.000000  0.000000
    1     -0.0000      0.000000000000E+000     0.000000000000E+000
    2     -0.0000      0.000000000000E+000     0.000000000000E+000
    3     -0.0000      0.000000000000E+000     0.000000000000E+000
    4    276.2202      5.257587875824E-012     6.190027067986E-012
    5    276.2202      1.144363927512E-012     8.260907785507E-014
    6    373.1365      2.683396384686E+001     4.866169410253E+001
    7    373.1365      1.810575785582E+001     3.283528532249E+001
    8    396.3547      3.175183742530E-007     3.421448179082E-007
    9    458.1214      1.717501965810E-011     7.161292352225E-011
