#phonon_branch          branch_frequency          I_tot(p, m)
#q      1  0.000000  0.000000  0.000000
    1     -0.0000      0.000000000000E+000     0.000000000000E+000
    2     -0.0000      0.000000000000E+000     0.000000000000E+000
    3     -0.0000      0.000000000000E+000     0.000000000000E+000
    4    276.2202      1.166380580764E-011     1.639061405807E-011
    5    276.2202      1.217580374452E-011     2.883277997887E-011
    6    373.1365      1.416330622991E+002     2.568401304228E+002
    7    373.1365      2.179008893314E+002     3.951631161836E+002
    8    396.3547      1.081058805677E-006     1.106131007232E-006
    9    458.1214      1.231913954241E-011     2.983371378197E-011
