#phonon_branch          branch_frequency          I_tot(p, m)
#q      1  0.000000  0.000000  0.000000
    1     -0.0000      0.000000000000E+000     0.000000000000E+000
    2     -0.0000      0.000000000000E+000     0.000000000000E+000
    3     -0.0000      0.000000000000E+000     0.000000000000E+000
    4    276.2202      1.157722567000E-012     4.518542848490E-013
    5    276.2202      2.330698456909E-013     7.702886786866E-013
    6    373.1365      1.810584857103E+001     3.283296029669E+001
    7    373.1365      2.683395127422E+001     4.866128320888E+001
    8    396.3547      1.709355463944E+003     1.769332296729E+003
    9    458.1214      5.188300052915E-011     7.225869883630E-011
