#phonon_branch          branch_frequency          I_tot(p, m)
#q      1  0.000000  0.000000  0.000000
    1     -0.0000      0.000000000000E+000     0.000000000000E+000
    2     -0.0000      0.000000000000E+000     0.000000000000E+000
    3     -0.0000      0.000000000000E+000     0.000000000000E+000
    4    276.2202      9.581687449933E-012     9.917007780775E-012
    5    276.2202      1.186397836579E-011     2.213736292432E-011
    6    373.1365      1.810501426445E+001     3.283535481418E+001
    7    373.1365      2.683455033104E+001     4.866717077304E+001
    8    396.3547      1.709351174674E+003     1.769322777702E+003
    9    458.1214      6.704932115955E-011     6.529935549906E-011
