#phonon_branch          branch_frequency          I_tot(p, m)
#q      1  0.000000  0.000000  0.000000
    1     -0.0000      0.000000000000E+000     0.000000000000E+000
    2     -0.0000      0.000000000000E+000     0.000000000000E+000
    3     -0.0000      0.000000000000E+000     0.000000000000E+000
    4    276.2202      2.698724987553E-011     1.877379324738E-011
    5    276.2202      1.396540638980E-011     2.161252604178E-011
    6    373.1365      5.816231333571E-007     6.583905966123E-007
    7    373.1365      8.520259071871E-007     9.773956556517E-007
    8    396.3547      6.837415408333E+003     7.077313186247E+003
    9    458.1214      4.322692246307E-010     7.333690897079E-010
