#phonon_branch          branch_frequency          I_tot(p, m)
#q      1  0.000000  0.000000  0.000000
    1     -0.0000      0.000000000000E+000     0.000000000000E+000
    2     -0.0000      0.000000000000E+000     0.000000000000E+000
    3     -0.0000      0.000000000000E+000     0.000000000000E+000
    4    276.2202      1.918000024345E-011     3.746349074445E-011
    5    276.2202      1.564677521649E-011     3.423280241270E-011
    6    373.1365      2.178826736019E+002     3.951277041852E+002
    7    373.1365      1.416195621892E+002     2.568340250420E+002
    8    396.3547      1.417625036496E-006     1.594654492910E-006
    9    458.1214      6.333282534878E-012     1.007547353174E-011
