#phonon_branch          branch_frequency          I_tot(p, m)
#q      1  0.000000  0.000000  0.000000
    1     -0.0000      0.000000000000E+000     0.000000000000E+000
    2     -0.0000      0.000000000000E+000     0.000000000000E+000
    3     -0.0000      0.000000000000E+000     0.000000000000E+000
    4    276.2202      8.980514316421E-012     5.641138658475E-012
    5    276.2202      1.184026461684E-011     1.044827114445E-011
    6    373.1365      6.237987822686E-007     7.082428532978E-007
    7    373.1365      8.156668240717E-007     9.106312888136E-007
    8    396.3547      6.837411146108E+003     7.077307111431E+003
    9    458.1214      1.262210421348E-010     1.840725187275E-010
