#phonon_branch          branch_frequency          I_tot(p, m)
#q      1  0.000000  0.000000  0.000000
    1     -0.0000      0.000000000000E+000     0.000000000000E+000
    2     -0.0000      0.000000000000E+000     0.000000000000E+000
    3     -0.0000      0.000000000000E+000     0.000000000000E+000
    4    276.2202      7.058946680009E-013     3.008370043482E-012
    5    276.2202      1.656503529183E-013     7.913342135910E-013
    6    373.1365      2.683410759427E+001     4.866194978025E+001
    7    373.1365      1.810585383599E+001     3.283554647398E+001
    8    396.3547      2.991056107061E-007     3.218768367116E-007
    9    458.1214      8.178330863896E-012     3.016672107966E-011
