The Raman tensors are listed in a branch-resolved way
 
total Raman tensor:
 
Raman band +001 =     0.0000 cm-1
(   0.0000E+000,   0.0000E+000)     (   0.0000E+000,   0.0000E+000)     (   0.0000E+000,   0.0000E+000)
(   0.0000E+000,   0.0000E+000)     (   0.0000E+000,   0.0000E+000)     (   0.0000E+000,   0.0000E+000)
(   0.0000E+000,   0.0000E+000)     (   0.0000E+000,   0.0000E+000)     (   0.0000E+000,   0.0000E+000)
 
Raman band -001 =    -0.0000 cm-1
(   0.0000E+000,   0.0000E+000)     (   0.0000E+000,   0.0000E+000)     (   0.0000E+000,   0.0000E+000)
(   0.0000E+000,   0.0000E+000)     (   0.0000E+000,   0.0000E+000)     (   0.0000E+000,   0.0000E+000)
(   0.0000E+000,   0.0000E+000)     (   0.0000E+000,   0.0000E+000)     (   0.0000E+000,   0.0000E+000)
 
%%%%%%%%%%%%%%%%%%%%%%%%%%%%%%%%%%%%%%%%%%%%%%%%%%%%%%%%%%%%%%%%%%%%%%%%%%%%%%%%%%%%%%%%%%%%%%%%%%%%

 
total Raman tensor:
 
Raman band +002 =     0.0001 cm-1
(   0.0000E+000,   0.0000E+000)     (   0.0000E+000,   0.0000E+000)     (   0.0000E+000,   0.0000E+000)
(   0.0000E+000,   0.0000E+000)     (   0.0000E+000,   0.0000E+000)     (   0.0000E+000,   0.0000E+000)
(   0.0000E+000,   0.0000E+000)     (   0.0000E+000,   0.0000E+000)     (   0.0000E+000,   0.0000E+000)
 
Raman band -002 =    -0.0001 cm-1
(   0.0000E+000,   0.0000E+000)     (   0.0000E+000,   0.0000E+000)     (   0.0000E+000,   0.0000E+000)
(   0.0000E+000,   0.0000E+000)     (   0.0000E+000,   0.0000E+000)     (   0.0000E+000,   0.0000E+000)
(   0.0000E+000,   0.0000E+000)     (   0.0000E+000,   0.0000E+000)     (   0.0000E+000,   0.0000E+000)
 
%%%%%%%%%%%%%%%%%%%%%%%%%%%%%%%%%%%%%%%%%%%%%%%%%%%%%%%%%%%%%%%%%%%%%%%%%%%%%%%%%%%%%%%%%%%%%%%%%%%%

 
total Raman tensor:
 
Raman band +003 =     0.0002 cm-1
(   0.0000E+000,   0.0000E+000)     (   0.0000E+000,   0.0000E+000)     (   0.0000E+000,   0.0000E+000)
(   0.0000E+000,   0.0000E+000)     (   0.0000E+000,   0.0000E+000)     (   0.0000E+000,   0.0000E+000)
(   0.0000E+000,   0.0000E+000)     (   0.0000E+000,   0.0000E+000)     (   0.0000E+000,   0.0000E+000)
 
Raman band -003 =    -0.0002 cm-1
(   0.0000E+000,   0.0000E+000)     (   0.0000E+000,   0.0000E+000)     (   0.0000E+000,   0.0000E+000)
(   0.0000E+000,   0.0000E+000)     (   0.0000E+000,   0.0000E+000)     (   0.0000E+000,   0.0000E+000)
(   0.0000E+000,   0.0000E+000)     (   0.0000E+000,   0.0000E+000)     (   0.0000E+000,   0.0000E+000)
 
%%%%%%%%%%%%%%%%%%%%%%%%%%%%%%%%%%%%%%%%%%%%%%%%%%%%%%%%%%%%%%%%%%%%%%%%%%%%%%%%%%%%%%%%%%%%%%%%%%%%

 
total Raman tensor:
 
Raman band +004 =   809.1919 cm-1
(   3.6799E-002,   8.1445E-002)     (  -2.1780E-002,  -4.8008E-002)     (  -5.8389E-006,  -3.5827E-006)
(  -2.1774E-002,  -4.8008E-002)     (  -3.7524E-002,  -8.2626E-002)     (  -3.2501E-006,  -1.9764E-006)
(  -5.8366E-006,  -3.5892E-006)     (  -3.2351E-006,  -1.9881E-006)     (  -1.9616E-012,  -1.8992E-012)
 
Raman band -004 =  -809.1919 cm-1
(  -1.0413E-001,   1.6275E-001)     (   6.0595E-002,  -9.6135E-002)     (  -7.9137E-006,  -7.9615E-006)
(   6.0614E-002,  -9.6124E-002)     (   1.0459E-001,  -1.6489E-001)     (  -4.4149E-006,  -4.2764E-006)
(  -7.9153E-006,  -7.9673E-006)     (  -4.3725E-006,  -4.2799E-006)     (  -1.3835E-012,  -4.4925E-012)
 
%%%%%%%%%%%%%%%%%%%%%%%%%%%%%%%%%%%%%%%%%%%%%%%%%%%%%%%%%%%%%%%%%%%%%%%%%%%%%%%%%%%%%%%%%%%%%%%%%%%%

 
total Raman tensor:
 
Raman band +005 =  1347.2024 cm-1
(  -2.2512E+003,  -1.1877E+003)     (  -5.7311E+001,  -9.8659E+002)     (   4.3491E-003,  -1.9201E-003)
(  -5.7311E+001,  -9.8659E+002)     (   2.2509E+003,   1.1883E+003)     (   7.0776E-003,   5.0473E-003)
(   4.3376E-003,  -1.9190E-003)     (   7.0901E-003,   5.0511E-003)     (   1.0545E-006,   6.8755E-007)
 
Raman band -005 = -1347.2024 cm-1
(  -3.3861E+003,  -3.8144E+003)     (   5.8674E+002,  -1.8915E+003)     (   1.6434E-002,   3.2456E-003)
(   5.8674E+002,  -1.8915E+003)     (   3.3847E+003,   3.8118E+003)     (   6.8681E-003,   1.0238E-002)
(   1.6436E-002,   3.1890E-003)     (   6.7828E-003,   1.0268E-002)     (   1.4832E-006,   1.0115E-006)
 
%%%%%%%%%%%%%%%%%%%%%%%%%%%%%%%%%%%%%%%%%%%%%%%%%%%%%%%%%%%%%%%%%%%%%%%%%%%%%%%%%%%%%%%%%%%%%%%%%%%%

 
total Raman tensor:
 
Raman band +006 =  1347.2024 cm-1
(  -8.7359E+002,  -4.6140E+002)     (   1.4745E+002,   2.5410E+003)     (   2.5592E-003,   8.1644E-003)
(   1.4745E+002,   2.5410E+003)     (   8.7432E+002,   4.6134E+002)     (   2.6580E-003,  -2.7985E-003)
(   2.5528E-003,   8.1582E-003)     (   2.6644E-003,  -2.7960E-003)     (  -2.1107E-007,  -1.3380E-006)
 
Raman band -006 = -1347.2024 cm-1
(  -1.3160E+003,  -1.4784E+003)     (  -1.5126E+003,   4.8700E+003)     (   1.9705E-003,   1.5770E-002)
(  -1.5126E+003,   4.8700E+003)     (   1.3144E+003,   1.4813E+003)     (   8.2473E-003,   3.0262E-003)
(   2.0221E-003,   1.5797E-002)     (   8.2128E-003,   3.0299E-003)     (  -2.5822E-007,  -1.9320E-006)
 
%%%%%%%%%%%%%%%%%%%%%%%%%%%%%%%%%%%%%%%%%%%%%%%%%%%%%%%%%%%%%%%%%%%%%%%%%%%%%%%%%%%%%%%%%%%%%%%%%%%%

 
