The Raman tensors are listed in a branch-resolved way
 
total Raman tensor:
 
Raman band +001+001 =     1.1665 cm-1
(   0.0000E+000,   0.0000E+000)     (   0.0000E+000,   0.0000E+000)     (   0.0000E+000,   0.0000E+000)
(   0.0000E+000,   0.0000E+000)     (   0.0000E+000,   0.0000E+000)     (   0.0000E+000,   0.0000E+000)
(   0.0000E+000,   0.0000E+000)     (   0.0000E+000,   0.0000E+000)     (   0.0000E+000,   0.0000E+000)
 
Raman band -001-001 =    -1.1665 cm-1
(   0.0000E+000,   0.0000E+000)     (   0.0000E+000,   0.0000E+000)     (   0.0000E+000,   0.0000E+000)
(   0.0000E+000,   0.0000E+000)     (   0.0000E+000,   0.0000E+000)     (   0.0000E+000,   0.0000E+000)
(   0.0000E+000,   0.0000E+000)     (   0.0000E+000,   0.0000E+000)     (   0.0000E+000,   0.0000E+000)
 
Raman band +001-001 =     0.0000 cm-1
(   0.0000E+000,   0.0000E+000)     (   0.0000E+000,   0.0000E+000)     (   0.0000E+000,   0.0000E+000)
(   0.0000E+000,   0.0000E+000)     (   0.0000E+000,   0.0000E+000)     (   0.0000E+000,   0.0000E+000)
(   0.0000E+000,   0.0000E+000)     (   0.0000E+000,   0.0000E+000)     (   0.0000E+000,   0.0000E+000)
 
Raman band -001+001 =     0.0000 cm-1
(   0.0000E+000,   0.0000E+000)     (   0.0000E+000,   0.0000E+000)     (   0.0000E+000,   0.0000E+000)
(   0.0000E+000,   0.0000E+000)     (   0.0000E+000,   0.0000E+000)     (   0.0000E+000,   0.0000E+000)
(   0.0000E+000,   0.0000E+000)     (   0.0000E+000,   0.0000E+000)     (   0.0000E+000,   0.0000E+000)
 
%%%%%%%%%%%%%%%%%%%%%%%%%%%%%%%%%%%%%%%%%%%%%%%%%%%%%%%%%%%%%%%%%%%%%%%%%%%%%%%%%%%%%%%%%%%%%%%%%%%%

 
total Raman tensor:
 
Raman band +001+002 =    37.5201 cm-1
(   0.0000E+000,   0.0000E+000)     (   0.0000E+000,   0.0000E+000)     (   0.0000E+000,   0.0000E+000)
(   0.0000E+000,   0.0000E+000)     (   0.0000E+000,   0.0000E+000)     (   0.0000E+000,   0.0000E+000)
(   0.0000E+000,   0.0000E+000)     (   0.0000E+000,   0.0000E+000)     (   0.0000E+000,   0.0000E+000)
 
Raman band -001-002 =   -37.5201 cm-1
(   0.0000E+000,   0.0000E+000)     (   0.0000E+000,   0.0000E+000)     (   0.0000E+000,   0.0000E+000)
(   0.0000E+000,   0.0000E+000)     (   0.0000E+000,   0.0000E+000)     (   0.0000E+000,   0.0000E+000)
(   0.0000E+000,   0.0000E+000)     (   0.0000E+000,   0.0000E+000)     (   0.0000E+000,   0.0000E+000)
 
Raman band +001-002 =   -36.3536 cm-1
(   0.0000E+000,   0.0000E+000)     (   0.0000E+000,   0.0000E+000)     (   0.0000E+000,   0.0000E+000)
(   0.0000E+000,   0.0000E+000)     (   0.0000E+000,   0.0000E+000)     (   0.0000E+000,   0.0000E+000)
(   0.0000E+000,   0.0000E+000)     (   0.0000E+000,   0.0000E+000)     (   0.0000E+000,   0.0000E+000)
 
Raman band -001+002 =    36.3536 cm-1
(   0.0000E+000,   0.0000E+000)     (   0.0000E+000,   0.0000E+000)     (   0.0000E+000,   0.0000E+000)
(   0.0000E+000,   0.0000E+000)     (   0.0000E+000,   0.0000E+000)     (   0.0000E+000,   0.0000E+000)
(   0.0000E+000,   0.0000E+000)     (   0.0000E+000,   0.0000E+000)     (   0.0000E+000,   0.0000E+000)
 
%%%%%%%%%%%%%%%%%%%%%%%%%%%%%%%%%%%%%%%%%%%%%%%%%%%%%%%%%%%%%%%%%%%%%%%%%%%%%%%%%%%%%%%%%%%%%%%%%%%%

 
total Raman tensor:
 
Raman band +001+003 =    60.9436 cm-1
(   0.0000E+000,   0.0000E+000)     (   0.0000E+000,   0.0000E+000)     (   0.0000E+000,   0.0000E+000)
(   0.0000E+000,   0.0000E+000)     (   0.0000E+000,   0.0000E+000)     (   0.0000E+000,   0.0000E+000)
(   0.0000E+000,   0.0000E+000)     (   0.0000E+000,   0.0000E+000)     (   0.0000E+000,   0.0000E+000)
 
Raman band -001-003 =   -60.9436 cm-1
(   0.0000E+000,   0.0000E+000)     (   0.0000E+000,   0.0000E+000)     (   0.0000E+000,   0.0000E+000)
(   0.0000E+000,   0.0000E+000)     (   0.0000E+000,   0.0000E+000)     (   0.0000E+000,   0.0000E+000)
(   0.0000E+000,   0.0000E+000)     (   0.0000E+000,   0.0000E+000)     (   0.0000E+000,   0.0000E+000)
 
Raman band +001-003 =   -59.7771 cm-1
(   0.0000E+000,   0.0000E+000)     (   0.0000E+000,   0.0000E+000)     (   0.0000E+000,   0.0000E+000)
(   0.0000E+000,   0.0000E+000)     (   0.0000E+000,   0.0000E+000)     (   0.0000E+000,   0.0000E+000)
(   0.0000E+000,   0.0000E+000)     (   0.0000E+000,   0.0000E+000)     (   0.0000E+000,   0.0000E+000)
 
Raman band -001+003 =    59.7771 cm-1
(   0.0000E+000,   0.0000E+000)     (   0.0000E+000,   0.0000E+000)     (   0.0000E+000,   0.0000E+000)
(   0.0000E+000,   0.0000E+000)     (   0.0000E+000,   0.0000E+000)     (   0.0000E+000,   0.0000E+000)
(   0.0000E+000,   0.0000E+000)     (   0.0000E+000,   0.0000E+000)     (   0.0000E+000,   0.0000E+000)
 
%%%%%%%%%%%%%%%%%%%%%%%%%%%%%%%%%%%%%%%%%%%%%%%%%%%%%%%%%%%%%%%%%%%%%%%%%%%%%%%%%%%%%%%%%%%%%%%%%%%%

 
total Raman tensor:
 
Raman band +001+004 =   807.9111 cm-1
(   0.0000E+000,   0.0000E+000)     (   0.0000E+000,   0.0000E+000)     (   0.0000E+000,   0.0000E+000)
(   0.0000E+000,   0.0000E+000)     (   0.0000E+000,   0.0000E+000)     (   0.0000E+000,   0.0000E+000)
(   0.0000E+000,   0.0000E+000)     (   0.0000E+000,   0.0000E+000)     (   0.0000E+000,   0.0000E+000)
 
Raman band -001-004 =  -807.9111 cm-1
(   0.0000E+000,   0.0000E+000)     (   0.0000E+000,   0.0000E+000)     (   0.0000E+000,   0.0000E+000)
(   0.0000E+000,   0.0000E+000)     (   0.0000E+000,   0.0000E+000)     (   0.0000E+000,   0.0000E+000)
(   0.0000E+000,   0.0000E+000)     (   0.0000E+000,   0.0000E+000)     (   0.0000E+000,   0.0000E+000)
 
Raman band +001-004 =  -806.7446 cm-1
(   0.0000E+000,   0.0000E+000)     (   0.0000E+000,   0.0000E+000)     (   0.0000E+000,   0.0000E+000)
(   0.0000E+000,   0.0000E+000)     (   0.0000E+000,   0.0000E+000)     (   0.0000E+000,   0.0000E+000)
(   0.0000E+000,   0.0000E+000)     (   0.0000E+000,   0.0000E+000)     (   0.0000E+000,   0.0000E+000)
 
Raman band -001+004 =   806.7446 cm-1
(   0.0000E+000,   0.0000E+000)     (   0.0000E+000,   0.0000E+000)     (   0.0000E+000,   0.0000E+000)
(   0.0000E+000,   0.0000E+000)     (   0.0000E+000,   0.0000E+000)     (   0.0000E+000,   0.0000E+000)
(   0.0000E+000,   0.0000E+000)     (   0.0000E+000,   0.0000E+000)     (   0.0000E+000,   0.0000E+000)
 
%%%%%%%%%%%%%%%%%%%%%%%%%%%%%%%%%%%%%%%%%%%%%%%%%%%%%%%%%%%%%%%%%%%%%%%%%%%%%%%%%%%%%%%%%%%%%%%%%%%%

 
total Raman tensor:
 
Raman band +001+005 =  1347.3404 cm-1
(   0.0000E+000,   0.0000E+000)     (   0.0000E+000,   0.0000E+000)     (   0.0000E+000,   0.0000E+000)
(   0.0000E+000,   0.0000E+000)     (   0.0000E+000,   0.0000E+000)     (   0.0000E+000,   0.0000E+000)
(   0.0000E+000,   0.0000E+000)     (   0.0000E+000,   0.0000E+000)     (   0.0000E+000,   0.0000E+000)
 
Raman band -001-005 = -1347.3404 cm-1
(   0.0000E+000,   0.0000E+000)     (   0.0000E+000,   0.0000E+000)     (   0.0000E+000,   0.0000E+000)
(   0.0000E+000,   0.0000E+000)     (   0.0000E+000,   0.0000E+000)     (   0.0000E+000,   0.0000E+000)
(   0.0000E+000,   0.0000E+000)     (   0.0000E+000,   0.0000E+000)     (   0.0000E+000,   0.0000E+000)
 
Raman band +001-005 = -1346.1739 cm-1
(   0.0000E+000,   0.0000E+000)     (   0.0000E+000,   0.0000E+000)     (   0.0000E+000,   0.0000E+000)
(   0.0000E+000,   0.0000E+000)     (   0.0000E+000,   0.0000E+000)     (   0.0000E+000,   0.0000E+000)
(   0.0000E+000,   0.0000E+000)     (   0.0000E+000,   0.0000E+000)     (   0.0000E+000,   0.0000E+000)
 
Raman band -001+005 =  1346.1739 cm-1
(   0.0000E+000,   0.0000E+000)     (   0.0000E+000,   0.0000E+000)     (   0.0000E+000,   0.0000E+000)
(   0.0000E+000,   0.0000E+000)     (   0.0000E+000,   0.0000E+000)     (   0.0000E+000,   0.0000E+000)
(   0.0000E+000,   0.0000E+000)     (   0.0000E+000,   0.0000E+000)     (   0.0000E+000,   0.0000E+000)
 
%%%%%%%%%%%%%%%%%%%%%%%%%%%%%%%%%%%%%%%%%%%%%%%%%%%%%%%%%%%%%%%%%%%%%%%%%%%%%%%%%%%%%%%%%%%%%%%%%%%%

 
total Raman tensor:
 
Raman band +001+006 =  1426.2869 cm-1
(   0.0000E+000,   0.0000E+000)     (   0.0000E+000,   0.0000E+000)     (   0.0000E+000,   0.0000E+000)
(   0.0000E+000,   0.0000E+000)     (   0.0000E+000,   0.0000E+000)     (   0.0000E+000,   0.0000E+000)
(   0.0000E+000,   0.0000E+000)     (   0.0000E+000,   0.0000E+000)     (   0.0000E+000,   0.0000E+000)
 
Raman band -001-006 = -1426.2869 cm-1
(   0.0000E+000,   0.0000E+000)     (   0.0000E+000,   0.0000E+000)     (   0.0000E+000,   0.0000E+000)
(   0.0000E+000,   0.0000E+000)     (   0.0000E+000,   0.0000E+000)     (   0.0000E+000,   0.0000E+000)
(   0.0000E+000,   0.0000E+000)     (   0.0000E+000,   0.0000E+000)     (   0.0000E+000,   0.0000E+000)
 
Raman band +001-006 = -1425.1205 cm-1
(   0.0000E+000,   0.0000E+000)     (   0.0000E+000,   0.0000E+000)     (   0.0000E+000,   0.0000E+000)
(   0.0000E+000,   0.0000E+000)     (   0.0000E+000,   0.0000E+000)     (   0.0000E+000,   0.0000E+000)
(   0.0000E+000,   0.0000E+000)     (   0.0000E+000,   0.0000E+000)     (   0.0000E+000,   0.0000E+000)
 
Raman band -001+006 =  1425.1205 cm-1
(   0.0000E+000,   0.0000E+000)     (   0.0000E+000,   0.0000E+000)     (   0.0000E+000,   0.0000E+000)
(   0.0000E+000,   0.0000E+000)     (   0.0000E+000,   0.0000E+000)     (   0.0000E+000,   0.0000E+000)
(   0.0000E+000,   0.0000E+000)     (   0.0000E+000,   0.0000E+000)     (   0.0000E+000,   0.0000E+000)
 
%%%%%%%%%%%%%%%%%%%%%%%%%%%%%%%%%%%%%%%%%%%%%%%%%%%%%%%%%%%%%%%%%%%%%%%%%%%%%%%%%%%%%%%%%%%%%%%%%%%%

 
total Raman tensor:
 
Raman band +002+001 =    37.5201 cm-1
(   0.0000E+000,   0.0000E+000)     (   0.0000E+000,   0.0000E+000)     (   0.0000E+000,   0.0000E+000)
(   0.0000E+000,   0.0000E+000)     (   0.0000E+000,   0.0000E+000)     (   0.0000E+000,   0.0000E+000)
(   0.0000E+000,   0.0000E+000)     (   0.0000E+000,   0.0000E+000)     (   0.0000E+000,   0.0000E+000)
 
Raman band -002-001 =   -37.5201 cm-1
(   0.0000E+000,   0.0000E+000)     (   0.0000E+000,   0.0000E+000)     (   0.0000E+000,   0.0000E+000)
(   0.0000E+000,   0.0000E+000)     (   0.0000E+000,   0.0000E+000)     (   0.0000E+000,   0.0000E+000)
(   0.0000E+000,   0.0000E+000)     (   0.0000E+000,   0.0000E+000)     (   0.0000E+000,   0.0000E+000)
 
Raman band +002-001 =    36.3536 cm-1
(   0.0000E+000,   0.0000E+000)     (   0.0000E+000,   0.0000E+000)     (   0.0000E+000,   0.0000E+000)
(   0.0000E+000,   0.0000E+000)     (   0.0000E+000,   0.0000E+000)     (   0.0000E+000,   0.0000E+000)
(   0.0000E+000,   0.0000E+000)     (   0.0000E+000,   0.0000E+000)     (   0.0000E+000,   0.0000E+000)
 
Raman band -002+001 =   -36.3536 cm-1
(   0.0000E+000,   0.0000E+000)     (   0.0000E+000,   0.0000E+000)     (   0.0000E+000,   0.0000E+000)
(   0.0000E+000,   0.0000E+000)     (   0.0000E+000,   0.0000E+000)     (   0.0000E+000,   0.0000E+000)
(   0.0000E+000,   0.0000E+000)     (   0.0000E+000,   0.0000E+000)     (   0.0000E+000,   0.0000E+000)
 
%%%%%%%%%%%%%%%%%%%%%%%%%%%%%%%%%%%%%%%%%%%%%%%%%%%%%%%%%%%%%%%%%%%%%%%%%%%%%%%%%%%%%%%%%%%%%%%%%%%%

 
total Raman tensor:
 
Raman band +002+002 =    73.8737 cm-1
(   4.6142E+000,   4.2181E+000)     (   1.6602E-002,   8.2747E-003)     (  -1.8790E-005,  -1.6397E-005)
(   1.1676E-002,   5.1548E-003)     (   1.8989E+000,   3.1232E+000)     (   7.2696E-008,   5.7956E-006)
(  -2.5795E-005,  -1.5611E-006)     (   8.9145E-006,  -8.9756E-006)     (   1.2820E-008,   5.6673E-009)
 
Raman band -002-002 =   -73.8737 cm-1
(   4.7637E+000,   4.3783E+000)     (   1.7282E-002,   9.2621E-003)     (  -1.9850E-005,  -1.7285E-005)
(   1.2859E-002,   5.1862E-003)     (   1.8254E+000,   3.1964E+000)     (   2.3508E-007,   5.7606E-006)
(  -2.7101E-005,  -2.0623E-006)     (   9.7683E-006,  -8.9310E-006)     (   1.3414E-008,   6.0174E-009)
 
Raman band +002-002 =     0.0000 cm-1
(   4.6746E+000,   4.2806E+000)     (   1.6860E-002,   8.5690E-003)     (  -1.8854E-005,  -1.7451E-005)
(   1.2093E-002,   5.2150E-003)     (   1.8775E+000,   3.1551E+000)     (  -2.5628E-008,   6.2830E-006)
(  -2.6429E-005,  -9.2094E-007)     (   9.3559E-006,  -9.4770E-006)     (   1.3022E-008,   5.7833E-009)
 
Raman band -002+002 =     0.0000 cm-1
(   4.7673E+000,   4.3474E+000)     (   1.7255E-002,   8.9851E-003)     (  -1.9557E-005,  -1.7026E-005)
(   1.2568E-002,   5.2148E-003)     (   1.8719E+000,   3.1847E+000)     (   2.4306E-007,   5.6887E-006)
(  -2.6748E-005,  -1.8843E-006)     (   9.4643E-006,  -8.8561E-006)     (   1.3263E-008,   5.9135E-009)
 
%%%%%%%%%%%%%%%%%%%%%%%%%%%%%%%%%%%%%%%%%%%%%%%%%%%%%%%%%%%%%%%%%%%%%%%%%%%%%%%%%%%%%%%%%%%%%%%%%%%%

 
total Raman tensor:
 
Raman band +002+003 =    97.2972 cm-1
(   3.5091E-001,   2.2711E-002)     (   8.1697E+000,  -1.8364E+001)     (   5.0543E-005,   1.6822E-005)
(  -1.1309E+001,   3.5126E+000)     (   3.1718E-001,  -2.6318E-002)     (  -5.9991E-005,   3.0466E-005)
(  -3.6932E-006,   7.8992E-006)     (  -2.7028E-005,   1.2944E-006)     (   2.4496E-009,   2.1026E-009)
 
Raman band -002-003 =   -97.2972 cm-1
(   3.7061E-001,   5.5843E-002)     (   1.1592E+001,  -1.9373E+001)     (   5.1695E-005,   2.1317E-005)
(  -1.5912E+001,   1.9941E+000)     (   3.3178E-001,   1.4478E-003)     (  -7.1922E-005,   3.0553E-005)
(  -2.6569E-006,   6.1292E-006)     (  -2.5386E-005,  -1.3462E-006)     (   2.6712E-009,   2.3163E-009)
 
Raman band +002-003 =   -23.4235 cm-1
(   3.6048E-001,   3.6841E-002)     (   9.4755E+000,  -1.8889E+001)     (   5.5180E-005,   1.8796E-005)
(  -1.3142E+001,   2.8967E+000)     (   3.2511E-001,  -1.4711E-002)     (  -6.7167E-005,   3.0553E-005)
(  -7.6665E-006,   6.1056E-006)     (  -2.4525E-005,   7.2011E-007)     (   2.5217E-009,   2.2757E-009)
 
Raman band -002+003 =    23.4235 cm-1
(   3.6366E-001,   3.9228E-002)     (   1.0100E+001,  -1.9228E+001)     (   5.2612E-005,   1.9085E-005)
(  -1.3849E+001,   2.8640E+000)     (   3.2580E-001,  -1.2469E-002)     (  -6.7618E-005,   3.0826E-005)
(  -4.3553E-006,   6.2227E-006)     (  -2.4892E-005,   1.4982E-007)     (   2.5505E-009,   2.3151E-009)
 
%%%%%%%%%%%%%%%%%%%%%%%%%%%%%%%%%%%%%%%%%%%%%%%%%%%%%%%%%%%%%%%%%%%%%%%%%%%%%%%%%%%%%%%%%%%%%%%%%%%%

 
total Raman tensor:
 
Raman band +002+004 =   844.2647 cm-1
(   5.5522E-003,  -3.9307E-003)     (   5.8878E-002,   7.7940E-003)     (  -8.9836E-007,   3.3316E-007)
(  -5.7225E-002,  -9.9836E-003)     (   8.7719E-003,  -1.6341E-003)     (   9.8463E-008,   9.4827E-009)
(   9.4895E-007,  -1.2851E-007)     (   4.0847E-008,   1.2962E-007)     (   6.8754E-012,   1.7290E-013)
 
Raman band -002-004 =  -844.2647 cm-1
(   1.8631E-003,   1.3104E-002)     (   1.2328E-002,   8.9990E-002)     (  -1.3492E-006,   2.8014E-007)
(  -3.5728E-003,  -8.2371E-002)     (   8.4570E-003,   2.1260E-002)     (   2.0605E-007,  -8.7764E-008)
(   1.2458E-006,   2.7623E-007)     (   4.8867E-008,   2.5845E-007)     (   1.1054E-011,   2.0112E-012)
 
Raman band +002-004 =  -770.3910 cm-1
(   4.0233E-003,   1.1496E-002)     (   2.3092E-002,   8.7855E-002)     (  -1.3099E-006,   2.8386E-007)
(  -1.4043E-002,  -8.2009E-002)     (   1.0505E-002,   1.8814E-002)     (   1.7727E-007,  -8.2588E-008)
(   1.2464E-006,   2.4311E-007)     (   5.6557E-008,   2.4671E-007)     (   1.0828E-011,   1.8215E-012)
 
Raman band -002+004 =   770.3910 cm-1
(   6.3563E-003,  -3.5683E-003)     (   6.1987E-002,   1.3632E-002)     (  -9.3363E-007,   3.3208E-007)
(  -5.9574E-002,  -1.5694E-002)     (   9.7470E-003,  -1.1486E-003)     (   1.0063E-007,   5.0504E-009)
(   9.8387E-007,  -1.1171E-007)     (   4.3314E-008,   1.3838E-007)     (   7.3105E-012,   2.2398E-013)
 
%%%%%%%%%%%%%%%%%%%%%%%%%%%%%%%%%%%%%%%%%%%%%%%%%%%%%%%%%%%%%%%%%%%%%%%%%%%%%%%%%%%%%%%%%%%%%%%%%%%%

 
total Raman tensor:
 
Raman band +002+005 =  1383.6940 cm-1
(   2.0299E+001,  -3.7538E+001)     (   2.6403E-001,  -1.3221E-001)     (  -3.3765E-005,   1.3109E-004)
(   1.3956E-001,   1.3915E-001)     (  -2.8207E+000,  -3.2743E+000)     (  -2.2944E-005,   3.1086E-005)
(  -3.4865E-005,   5.8453E-005)     (  -5.3040E-005,   1.1887E-005)     (   4.4438E-008,  -1.0002E-007)
 
Raman band -002-005 = -1383.6940 cm-1
(   8.1083E+001,  -1.3475E+002)     (   6.1590E-001,   7.7475E-002)     (  -3.9774E-004,   2.9750E-004)
(   1.3960E-001,   1.7779E-001)     (   7.2553E+000,  -6.7898E+001)     (  -6.3148E-005,   1.2498E-005)
(  -2.3250E-005,   3.1394E-004)     (  -9.8914E-005,   5.5500E-006)     (   1.1924E-007,  -2.3831E-007)
 
Raman band +002-005 = -1309.8203 cm-1
(   7.2545E+001,  -1.2989E+002)     (   6.0355E-001,   5.8087E-002)     (  -3.8857E-004,   2.9684E-004)
(   1.3797E-001,   1.7741E-001)     (   2.5272E+000,  -6.4055E+001)     (  -3.7117E-005,   2.0859E-005)
(  -1.1742E-005,   3.0319E-004)     (  -9.5984E-005,  -3.5385E-006)     (   1.1384E-007,  -2.3071E-007)
 
Raman band -002+005 =  1309.8203 cm-1
(   2.1390E+001,  -4.1602E+001)     (   2.8273E-001,  -1.3546E-001)     (  -7.0907E-005,   1.8436E-004)
(   1.4593E-001,   1.4340E-001)     (  -3.4892E+000,  -4.5753E+000)     (  -1.0083E-005,  -1.6204E-006)
(  -3.7659E-005,   1.2286E-004)     (  -4.4880E-005,  -1.9930E-005)     (   5.2126E-008,  -1.2192E-007)
 
%%%%%%%%%%%%%%%%%%%%%%%%%%%%%%%%%%%%%%%%%%%%%%%%%%%%%%%%%%%%%%%%%%%%%%%%%%%%%%%%%%%%%%%%%%%%%%%%%%%%

 
total Raman tensor:
 
Raman band +002+006 =  1462.6406 cm-1
(  -2.1344E+000,   7.2442E+000)     (   2.9974E+002,   2.2638E+002)     (  -4.4419E-004,   7.2476E-004)
(  -7.2443E+001,  -1.3310E+002)     (  -6.5109E-001,   7.0336E+000)     (  -4.1035E-004,  -1.1920E-003)
(  -2.5194E-004,  -3.6171E-004)     (   3.3197E-006,  -7.4429E-004)     (  -1.1310E-008,   7.2543E-008)
 
Raman band -002-006 = -1462.6406 cm-1
(  -1.0861E+001,   6.3550E+000)     (  -1.9116E+001,   6.9016E+002)     (  -1.0410E-003,   6.6052E-004)
(   9.8572E+002,  -8.7780E+001)     (  -7.8845E+000,   7.5204E+000)     (   2.5440E-003,  -2.9283E-003)
(  -1.8291E-003,  -1.4434E-003)     (   8.1020E-004,  -4.7145E-004)     (  -1.7917E-007,   1.4959E-007)
 
Raman band +002-006 = -1388.7668 cm-1
(  -1.0530E+001,   6.7017E+000)     (   2.1266E+001,   6.8801E+002)     (  -1.0576E-003,   8.1888E-004)
(   9.1794E+002,  -1.5705E+002)     (  -7.5810E+000,   7.7931E+000)     (   2.2447E-003,  -3.0502E-003)
(  -1.6015E-003,  -1.2784E-003)     (   7.2771E-004,  -5.1479E-004)     (  -1.7036E-007,   1.4329E-007)
 
Raman band -002+006 =  1388.7668 cm-1
(  -2.4317E+000,   7.4678E+000)     (   3.1210E+002,   2.5320E+002)     (  -4.9450E-004,   7.1456E-004)
(  -7.4973E+001,  -1.6303E+002)     (  -8.8931E-001,   7.2664E+000)     (  -4.0940E-004,  -1.2627E-003)
(  -2.4468E-004,  -3.5933E-004)     (   3.0646E-005,  -7.5659E-004)     (  -1.1204E-008,   7.5832E-008)
 
%%%%%%%%%%%%%%%%%%%%%%%%%%%%%%%%%%%%%%%%%%%%%%%%%%%%%%%%%%%%%%%%%%%%%%%%%%%%%%%%%%%%%%%%%%%%%%%%%%%%

 
total Raman tensor:
 
Raman band +003+001 =    60.9436 cm-1
(   0.0000E+000,   0.0000E+000)     (   0.0000E+000,   0.0000E+000)     (   0.0000E+000,   0.0000E+000)
(   0.0000E+000,   0.0000E+000)     (   0.0000E+000,   0.0000E+000)     (   0.0000E+000,   0.0000E+000)
(   0.0000E+000,   0.0000E+000)     (   0.0000E+000,   0.0000E+000)     (   0.0000E+000,   0.0000E+000)
 
Raman band -003-001 =   -60.9436 cm-1
(   0.0000E+000,   0.0000E+000)     (   0.0000E+000,   0.0000E+000)     (   0.0000E+000,   0.0000E+000)
(   0.0000E+000,   0.0000E+000)     (   0.0000E+000,   0.0000E+000)     (   0.0000E+000,   0.0000E+000)
(   0.0000E+000,   0.0000E+000)     (   0.0000E+000,   0.0000E+000)     (   0.0000E+000,   0.0000E+000)
 
Raman band +003-001 =    59.7771 cm-1
(   0.0000E+000,   0.0000E+000)     (   0.0000E+000,   0.0000E+000)     (   0.0000E+000,   0.0000E+000)
(   0.0000E+000,   0.0000E+000)     (   0.0000E+000,   0.0000E+000)     (   0.0000E+000,   0.0000E+000)
(   0.0000E+000,   0.0000E+000)     (   0.0000E+000,   0.0000E+000)     (   0.0000E+000,   0.0000E+000)
 
Raman band -003+001 =   -59.7771 cm-1
(   0.0000E+000,   0.0000E+000)     (   0.0000E+000,   0.0000E+000)     (   0.0000E+000,   0.0000E+000)
(   0.0000E+000,   0.0000E+000)     (   0.0000E+000,   0.0000E+000)     (   0.0000E+000,   0.0000E+000)
(   0.0000E+000,   0.0000E+000)     (   0.0000E+000,   0.0000E+000)     (   0.0000E+000,   0.0000E+000)
 
%%%%%%%%%%%%%%%%%%%%%%%%%%%%%%%%%%%%%%%%%%%%%%%%%%%%%%%%%%%%%%%%%%%%%%%%%%%%%%%%%%%%%%%%%%%%%%%%%%%%

 
total Raman tensor:
 
Raman band +003+002 =    97.2972 cm-1
(  -2.2805E-001,   2.3876E-001)     (   1.8098E+000,   5.5362E+000)     (   1.9779E-005,  -6.8754E-006)
(  -2.2165E+001,   4.6045E+000)     (  -2.9704E-001,   1.8065E-001)     (   4.1958E-005,   6.1860E-006)
(  -1.5802E-005,   2.2848E-005)     (   3.2902E-005,  -1.4693E-005)     (   5.7334E-011,  -2.4639E-009)
 
Raman band -003-002 =   -97.2972 cm-1
(  -2.6833E-001,   2.3420E-001)     (   3.4590E+000,   8.0508E+000)     (   2.0356E-005,  -1.2187E-005)
(  -2.6434E+001,   1.1862E+000)     (  -3.3761E-001,   1.6128E-001)     (   4.5809E-005,   1.4503E-005)
(  -1.4387E-005,   1.7561E-005)     (   3.6852E-005,  -9.5103E-006)     (  -9.1261E-011,  -2.8770E-009)
 
Raman band +003-002 =    23.4235 cm-1
(  -2.3696E-001,   2.3886E-001)     (   2.0999E+000,   6.0721E+000)     (   1.5711E-005,  -9.4109E-006)
(  -2.3156E+001,   4.0366E+000)     (  -3.0660E-001,   1.7727E-001)     (   4.5649E-005,   9.0244E-006)
(  -1.2550E-005,   2.4366E-005)     (   3.1384E-005,  -1.5287E-005)     (   6.8232E-011,  -2.6663E-009)
 
Raman band -003+002 =   -23.4235 cm-1
(  -2.5840E-001,   2.3700E-001)     (   3.1467E+000,   7.4011E+000)     (   1.9519E-005,  -1.0588E-005)
(  -2.5600E+001,   2.2821E+000)     (  -3.2853E-001,   1.6787E-001)     (   4.5416E-005,   1.2322E-005)
(  -1.4658E-005,   1.9323E-005)     (   3.5857E-005,  -1.1319E-005)     (  -3.6835E-011,  -2.8159E-009)
 
%%%%%%%%%%%%%%%%%%%%%%%%%%%%%%%%%%%%%%%%%%%%%%%%%%%%%%%%%%%%%%%%%%%%%%%%%%%%%%%%%%%%%%%%%%%%%%%%%%%%

 
total Raman tensor:
 
Raman band +003+003 =   120.7207 cm-1
(  -7.9970E+002,   8.7126E+002)     (   6.2847E-002,  -2.9500E-001)     (  -9.1915E-004,   7.6623E-004)
(   1.6422E-001,   8.8317E-002)     (  -7.9645E+002,   8.6755E+002)     (   1.3192E-003,  -1.1825E-003)
(  -8.0400E-004,   6.9025E-004)     (   1.3149E-003,  -1.1085E-003)     (   2.3467E-007,   1.7195E-007)
 
Raman band -003-003 =  -120.7207 cm-1
(  -1.0802E+003,   6.8572E+002)     (   1.6458E-001,  -3.3841E-001)     (  -1.2947E-003,   7.4448E-004)
(   1.5664E-001,   1.4958E-001)     (  -1.0760E+003,   6.8149E+002)     (   1.8568E-003,  -1.1789E-003)
(  -1.1435E-003,   6.7708E-004)     (   1.8837E-003,  -1.0901E-003)     (   2.4449E-007,   1.9414E-007)
 
Raman band +003-003 =     0.0000 cm-1
(  -8.9695E+002,   8.2429E+002)     (   9.2849E-002,  -3.1283E-001)     (  -1.0318E-003,   7.6243E-004)
(   1.6444E-001,   1.0893E-001)     (  -8.9355E+002,   8.2037E+002)     (   1.4864E-003,  -1.2058E-003)
(  -9.1125E-004,   7.0526E-004)     (   1.4859E-003,  -1.1144E-003)     (   2.3858E-007,   1.7922E-007)
 
Raman band -003+003 =     0.0000 cm-1
(  -9.9292E+002,   7.6735E+002)     (   1.2454E-001,  -3.2641E-001)     (  -1.1591E-003,   7.6499E-004)
(   1.6310E-001,   1.2681E-001)     (  -9.8882E+002,   7.6345E+002)     (   1.6615E-003,  -1.1948E-003)
(  -1.0205E-003,   6.9306E-004)     (   1.6794E-003,  -1.1144E-003)     (   2.4255E-007,   1.8683E-007)
 
%%%%%%%%%%%%%%%%%%%%%%%%%%%%%%%%%%%%%%%%%%%%%%%%%%%%%%%%%%%%%%%%%%%%%%%%%%%%%%%%%%%%%%%%%%%%%%%%%%%%

 
total Raman tensor:
 
Raman band +003+004 =   867.6882 cm-1
(   2.0068E-001,  -1.3747E-001)     (  -3.8532E-002,   2.7502E-002)     (  -4.4890E-008,  -6.9116E-007)
(   1.2940E-002,  -2.1595E-002)     (   2.7161E-001,  -7.8994E-002)     (   2.2840E-006,  -2.5748E-007)
(   1.6355E-007,  -3.1727E-007)     (   3.9883E-006,   1.0331E-006)     (  -1.3043E-011,  -2.3501E-011)
 
Raman band -003-004 =  -867.6882 cm-1
(   3.4831E-001,   3.4946E-001)     (  -9.9759E-002,  -4.6116E-002)     (   3.0463E-006,  -8.6528E-007)
(   3.8558E-002,   6.3444E-004)     (   3.3997E-001,   5.6837E-001)     (   5.6274E-006,   2.7902E-006)
(  -1.0689E-006,  -2.3175E-006)     (   2.7581E-006,   4.2840E-006)     (   4.3196E-012,  -7.0222E-011)
 
Raman band +003-004 =  -746.9675 cm-1
(   4.1194E-001,   2.2964E-001)     (  -9.5478E-002,  -2.6100E-002)     (   2.4585E-006,  -1.3031E-006)
(   3.7277E-002,  -5.6353E-003)     (   4.3143E-001,   4.2890E-001)     (   5.1620E-006,   1.9542E-006)
(  -1.0072E-006,  -1.6629E-006)     (   3.1088E-006,   4.2124E-006)     (  -3.8385E-012,  -6.2494E-011)
 
Raman band -003+004 =   746.9675 cm-1
(   2.5976E-001,  -1.0401E-001)     (  -4.7937E-002,   2.7721E-002)     (   7.4395E-008,  -8.2898E-007)
(   1.7750E-002,  -2.2788E-002)     (   3.3610E-001,  -3.2684E-002)     (   2.5381E-006,  -2.4474E-007)
(   7.7965E-008,  -3.2088E-007)     (   4.1339E-006,   1.4068E-006)     (  -1.5345E-011,  -2.6354E-011)
 
%%%%%%%%%%%%%%%%%%%%%%%%%%%%%%%%%%%%%%%%%%%%%%%%%%%%%%%%%%%%%%%%%%%%%%%%%%%%%%%%%%%%%%%%%%%%%%%%%%%%

 
total Raman tensor:
 
Raman band +003+005 =  1407.1175 cm-1
(   1.4224E+000,  -1.2015E-001)     (   2.4005E+002,   4.6071E+002)     (  -4.9630E-004,   5.2143E-004)
(  -1.9081E+002,   7.0522E+001)     (   1.1256E+000,  -1.2790E-002)     (   1.9075E-005,  -5.4890E-004)
(   5.1493E-004,   6.6768E-004)     (   2.5907E-004,  -4.0299E-004)     (  -3.8252E-008,  -6.1481E-009)
 
Raman band -003-005 = -1407.1175 cm-1
(   4.7083E-001,   2.4658E+000)     (  -5.2077E+002,   5.8641E+002)     (  -7.2298E-004,  -8.4262E-004)
(   7.4913E+001,   6.6510E+001)     (   8.2804E-001,   1.7097E+000)     (   1.8350E-003,  -6.9512E-005)
(  -4.8206E-004,   1.5240E-003)     (   7.6873E-004,   9.7586E-004)     (  -1.0037E-007,  -6.4520E-008)
 
Raman band +003-005 = -1286.3968 cm-1
(   8.4355E-001,   2.3808E+000)     (  -4.7793E+002,   6.4019E+002)     (  -8.0580E-004,  -6.0744E-004)
(   6.9687E+001,   3.6939E+001)     (   1.0145E+000,   1.6212E+000)     (   1.7289E-003,  -3.7116E-004)
(  -3.5230E-004,   1.5000E-003)     (   8.0640E-004,   7.8334E-004)     (  -1.0226E-007,  -5.8796E-008)
 
Raman band -003+005 =  1286.3968 cm-1
(   1.5595E+000,  -1.5078E-002)     (   2.2969E+002,   5.1745E+002)     (  -5.3070E-004,   6.2381E-004)
(  -1.9664E+002,   5.4451E+001)     (   1.2228E+000,   5.6539E-002)     (   3.8441E-005,  -6.2987E-004)
(   6.5616E-004,   7.9905E-004)     (   2.8163E-004,  -4.2288E-004)     (  -7.2041E-008,  -3.0386E-008)
 
%%%%%%%%%%%%%%%%%%%%%%%%%%%%%%%%%%%%%%%%%%%%%%%%%%%%%%%%%%%%%%%%%%%%%%%%%%%%%%%%%%%%%%%%%%%%%%%%%%%%

 
total Raman tensor:
 
Raman band +003+006 =  1486.0641 cm-1
(  -1.8061E+004,  -1.4498E+004)     (   1.3650E+000,   2.6962E+000)     (  -1.1462E-002,  -1.4052E-002)
(  -1.2829E+000,   1.4202E+000)     (  -1.8055E+004,  -1.3995E+004)     (   1.4911E-002,   2.2701E-002)
(  -8.2554E-003,  -1.2763E-002)     (   1.7572E-002,   2.2090E-002)     (  -4.8531E-006,   3.0910E-006)
 
Raman band -003-006 = -1486.0641 cm-1
(   1.8848E+004,  -2.2245E+004)     (  -1.0294E+001,   1.1402E+000)     (   5.8763E-002,  -4.0213E-002)
(  -2.7969E+000,  -4.5040E+000)     (   1.8140E+004,  -2.1814E+004)     (  -8.9193E-002,   6.6596E-002)
(   5.5501E-002,  -3.1914E-002)     (  -9.1794E-002,   6.5028E-002)     (  -1.0758E-005,   3.5427E-006)
 
Raman band +003-006 = -1365.3433 cm-1
(   1.6311E+004,  -2.5179E+004)     (  -9.4458E+000,   2.8526E+000)     (   4.8811E-002,  -4.5247E-002)
(  -3.4088E+000,  -3.9765E+000)     (   1.5670E+004,  -2.4705E+004)     (  -7.3536E-002,   7.4394E-002)
(   4.6755E-002,  -3.7665E-002)     (  -7.5802E-002,   7.2757E-002)     (  -1.0363E-005,   3.6528E-006)
 
Raman band -003+006 =  1365.3433 cm-1
(  -1.7809E+004,  -1.7526E+004)     (   1.1906E+000,   3.2524E+000)     (  -1.1370E-002,  -1.7457E-002)
(  -1.5395E+000,   1.4123E+000)     (  -1.7843E+004,  -1.6979E+004)     (   1.4499E-002,   2.7829E-002)
(  -7.8968E-003,  -1.5738E-002)     (   1.7304E-002,   2.7292E-002)     (  -5.4351E-006,   3.4539E-006)
 
%%%%%%%%%%%%%%%%%%%%%%%%%%%%%%%%%%%%%%%%%%%%%%%%%%%%%%%%%%%%%%%%%%%%%%%%%%%%%%%%%%%%%%%%%%%%%%%%%%%%

 
total Raman tensor:
 
Raman band +004+001 =   807.9111 cm-1
(   0.0000E+000,   0.0000E+000)     (   0.0000E+000,   0.0000E+000)     (   0.0000E+000,   0.0000E+000)
(   0.0000E+000,   0.0000E+000)     (   0.0000E+000,   0.0000E+000)     (   0.0000E+000,   0.0000E+000)
(   0.0000E+000,   0.0000E+000)     (   0.0000E+000,   0.0000E+000)     (   0.0000E+000,   0.0000E+000)
 
Raman band -004-001 =  -807.9111 cm-1
(   0.0000E+000,   0.0000E+000)     (   0.0000E+000,   0.0000E+000)     (   0.0000E+000,   0.0000E+000)
(   0.0000E+000,   0.0000E+000)     (   0.0000E+000,   0.0000E+000)     (   0.0000E+000,   0.0000E+000)
(   0.0000E+000,   0.0000E+000)     (   0.0000E+000,   0.0000E+000)     (   0.0000E+000,   0.0000E+000)
 
Raman band +004-001 =   806.7446 cm-1
(   0.0000E+000,   0.0000E+000)     (   0.0000E+000,   0.0000E+000)     (   0.0000E+000,   0.0000E+000)
(   0.0000E+000,   0.0000E+000)     (   0.0000E+000,   0.0000E+000)     (   0.0000E+000,   0.0000E+000)
(   0.0000E+000,   0.0000E+000)     (   0.0000E+000,   0.0000E+000)     (   0.0000E+000,   0.0000E+000)
 
Raman band -004+001 =  -806.7446 cm-1
(   0.0000E+000,   0.0000E+000)     (   0.0000E+000,   0.0000E+000)     (   0.0000E+000,   0.0000E+000)
(   0.0000E+000,   0.0000E+000)     (   0.0000E+000,   0.0000E+000)     (   0.0000E+000,   0.0000E+000)
(   0.0000E+000,   0.0000E+000)     (   0.0000E+000,   0.0000E+000)     (   0.0000E+000,   0.0000E+000)
 
%%%%%%%%%%%%%%%%%%%%%%%%%%%%%%%%%%%%%%%%%%%%%%%%%%%%%%%%%%%%%%%%%%%%%%%%%%%%%%%%%%%%%%%%%%%%%%%%%%%%

 
total Raman tensor:
 
Raman band +004+002 =   844.2647 cm-1
(  -2.0672E-003,  -4.6775E-003)     (   3.4070E-002,   2.9727E-002)     (   2.3405E-007,   6.6905E-007)
(  -2.6786E-002,  -2.9046E-002)     (   8.4844E-004,  -3.1770E-003)     (   1.0281E-008,  -6.4293E-008)
(  -1.3830E-007,  -5.8273E-007)     (   1.2794E-007,   1.2204E-007)     (   3.1597E-012,   3.2762E-012)
 
Raman band -004-002 =  -844.2647 cm-1
(   2.4032E-003,   9.3634E-003)     (  -7.6320E-002,  -1.4079E-003)     (   1.5487E-007,   1.5946E-006)
(   6.3651E-002,   1.9071E-002)     (   7.0446E-003,   2.3070E-002)     (   2.1631E-007,  -1.4957E-007)
(  -3.8853E-007,  -1.0770E-006)     (   2.2592E-007,   3.5410E-007)     (   6.1042E-012,   8.4712E-012)
 
Raman band +004-002 =   770.3910 cm-1
(  -2.0041E-003,  -4.7729E-003)     (   3.4508E-002,   3.1509E-002)     (   2.3844E-007,   6.7689E-007)
(  -2.6868E-002,  -3.0742E-002)     (   9.9836E-004,  -3.2750E-003)     (   9.7331E-009,  -6.6050E-008)
(  -1.3928E-007,  -5.8974E-007)     (   1.2971E-007,   1.2635E-007)     (   3.2917E-012,   3.4238E-012)
 
Raman band -004+002 =  -770.3910 cm-1
(   3.5752E-003,   8.9872E-003)     (  -7.9896E-002,   4.2555E-003)     (   1.8510E-007,   1.5701E-006)
(   6.8076E-002,   1.4406E-002)     (   8.8413E-003,   2.2140E-002)     (   2.0934E-007,  -1.5358E-007)
(  -3.8967E-007,  -1.0605E-006)     (   2.1712E-007,   3.4151E-007)     (   6.3661E-012,   8.4740E-012)
 
%%%%%%%%%%%%%%%%%%%%%%%%%%%%%%%%%%%%%%%%%%%%%%%%%%%%%%%%%%%%%%%%%%%%%%%%%%%%%%%%%%%%%%%%%%%%%%%%%%%%

 
total Raman tensor:
 
Raman band +004+003 =   867.6882 cm-1
(   1.6314E-001,   6.7318E-003)     (   1.9134E-003,  -9.4950E-003)     (   6.8494E-007,   6.4072E-007)
(   1.1789E-002,   1.3874E-002)     (   1.0516E-001,   2.8367E-002)     (  -2.5010E-006,   1.9127E-006)
(   7.2947E-007,   6.5380E-008)     (  -2.6339E-006,   1.4204E-006)     (  -1.2391E-011,  -3.3888E-012)
 
Raman band -004-003 =  -867.6882 cm-1
(  -1.0661E+000,   2.7890E-001)     (   5.0624E-002,  -2.2502E-002)     (   1.0412E-006,   9.8619E-006)
(  -2.7117E-002,   6.5449E-002)     (  -1.1768E+000,   4.0964E-002)     (  -2.9243E-006,  -1.5159E-006)
(  -2.4629E-006,   6.7202E-008)     (  -7.9436E-006,  -9.6241E-006)     (  -8.2441E-011,   1.3647E-010)
 
Raman band +004-003 =   746.9675 cm-1
(   1.7448E-001,   1.3582E-002)     (   2.2607E-003,  -1.0079E-002)     (   7.1813E-007,   6.5351E-007)
(   1.2315E-002,   1.5108E-002)     (   1.1228E-001,   3.5250E-002)     (  -2.6754E-006,   1.9210E-006)
(   7.7026E-007,   9.6573E-008)     (  -2.7998E-006,   1.4494E-006)     (  -1.5603E-011,  -5.9597E-012)
 
Raman band -004+003 =  -746.9675 cm-1
(  -1.0350E+000,   3.7951E-001)     (   4.5779E-002,  -2.7222E-002)     (   1.7641E-006,   9.0486E-006)
(  -2.2367E-002,   6.6529E-002)     (  -1.1626E+000,   1.5937E-001)     (  -2.9253E-006,  -1.7667E-006)
(  -2.4494E-006,   5.4012E-007)     (  -8.4807E-006,  -8.7803E-006)     (  -6.6764E-011,   1.3034E-010)
 
%%%%%%%%%%%%%%%%%%%%%%%%%%%%%%%%%%%%%%%%%%%%%%%%%%%%%%%%%%%%%%%%%%%%%%%%%%%%%%%%%%%%%%%%%%%%%%%%%%%%

 
total Raman tensor:
 
Raman band +004+004 =  1614.6557 cm-1
(   4.1765E-004,   3.9889E-003)     (   3.4665E-005,   4.0662E-005)     (   8.7031E-010,   4.0373E-009)
(  -1.1289E-005,   1.7984E-005)     (   3.4190E-004,   3.9200E-003)     (   1.2962E-009,  -6.6033E-009)
(   6.7776E-010,   4.1004E-009)     (   3.1720E-010,  -4.2761E-009)     (   1.2067E-012,   6.9445E-013)
 
Raman band -004-004 = -1614.6557 cm-1
(  -1.3066E-003,  -1.9493E-003)     (  -2.7917E-004,  -1.5886E-004)     (  -1.0363E-008,  -1.0576E-008)
(  -3.2299E-005,  -1.8790E-004)     (  -1.3149E-003,  -2.5184E-003)     (   1.7738E-008,   1.5424E-008)
(  -1.1990E-008,  -8.3771E-009)     (   1.9407E-008,   3.4191E-008)     (   2.4001E-012,   3.2707E-012)
 
Raman band +004-004 =     0.0000 cm-1
(  -3.4501E-003,   6.3205E-003)     (   3.3987E-005,   8.3168E-005)     (  -3.0617E-009,   7.3495E-009)
(  -6.0572E-005,   1.4738E-005)     (  -3.5417E-003,   6.2247E-003)     (   7.9551E-009,  -1.1494E-008)
(  -2.9563E-009,   7.1468E-009)     (   7.0857E-009,  -8.5297E-009)     (   1.9194E-012,   1.2626E-012)
 
Raman band -004+004 =     0.0000 cm-1
(  -8.4227E-003,  -8.0379E-004)     (  -1.6560E-004,   4.6942E-005)     (  -1.3241E-008,   3.1253E-009)
(   9.0407E-006,  -1.8622E-006)     (  -8.6266E-003,  -8.8006E-004)     (   2.0989E-008,  -1.6990E-009)
(  -1.1377E-008,   2.7392E-009)     (   2.5711E-008,   2.9127E-009)     (   2.4773E-012,   2.1540E-012)
 
%%%%%%%%%%%%%%%%%%%%%%%%%%%%%%%%%%%%%%%%%%%%%%%%%%%%%%%%%%%%%%%%%%%%%%%%%%%%%%%%%%%%%%%%%%%%%%%%%%%%

 
total Raman tensor:
 
Raman band +004+005 =  2154.0850 cm-1
(  -4.9152E-003,   5.5649E-002)     (   1.3522E-001,   3.7029E-001)     (   7.0811E-006,  -2.5557E-006)
(  -1.1400E-001,  -3.1920E-001)     (   1.6674E-002,   1.2373E-002)     (   1.0585E-006,  -9.4941E-007)
(  -7.4098E-006,   3.2901E-006)     (   8.6908E-007,  -1.4771E-006)     (  -8.4422E-011,   1.1780E-010)
 
Raman band -004-005 = -2154.0850 cm-1
(  -1.6664E-001,   2.8894E-001)     (  -5.8262E-002,  -3.7308E+000)     (   2.3303E-005,   1.4757E-005)
(  -6.2408E-001,   3.2360E+000)     (  -1.6811E-001,   2.0294E-001)     (  -7.1229E-006,   7.8409E-006)
(  -3.3568E-005,  -1.1891E-005)     (   1.3665E-005,   1.9834E-006)     (  -2.2699E-010,   1.6929E-010)
 
Raman band +004-005 =  -539.4293 cm-1
(  -1.3685E-002,   8.1354E-002)     (  -1.1959E+000,   1.3530E+000)     (   2.0920E-005,  -6.0366E-006)
(   1.1520E+000,  -1.2133E+000)     (   6.6418E-002,   7.1524E-002)     (   2.0378E-006,  -6.2431E-007)
(  -2.3323E-005,   7.6646E-006)     (   2.7236E-006,  -2.3886E-006)     (  -1.5237E-011,   9.1587E-012)
 
Raman band -004+005 =   539.4293 cm-1
(  -3.0436E-002,   5.9942E-002)     (  -1.9668E+000,   1.1410E+000)     (   2.7131E-005,  -5.1991E-006)
(   1.6891E+000,  -9.2459E-001)     (   7.9281E-002,   6.7985E-002)     (   3.1741E-006,   1.1336E-006)
(  -2.9278E-005,   7.3567E-006)     (   2.6305E-006,  -3.0448E-006)     (  -2.4169E-011,   9.2223E-012)
 
%%%%%%%%%%%%%%%%%%%%%%%%%%%%%%%%%%%%%%%%%%%%%%%%%%%%%%%%%%%%%%%%%%%%%%%%%%%%%%%%%%%%%%%%%%%%%%%%%%%%

 
total Raman tensor:
 
Raman band +004+006 =  2233.0315 cm-1
(  -8.3417E-001,   3.0761E+000)     (  -1.8397E-001,  -4.2461E-002)     (  -1.1122E-005,   1.5440E-005)
(  -1.1521E-001,   9.5229E-002)     (  -8.7594E-001,   1.8972E+000)     (  -2.6439E-005,  -5.4277E-005)
(  -9.8819E-006,   2.0035E-006)     (  -2.0608E-005,  -6.1839E-005)     (  -5.0006E-010,  -1.8788E-010)
 
Raman band -004-006 = -2233.0315 cm-1
(   2.3958E+001,  -1.6043E+001)     (  -1.5115E+000,   1.5593E+000)     (   2.1190E-005,  -3.9088E-004)
(  -2.7531E-001,  -3.5837E+000)     (   2.9036E+001,  -8.8946E+000)     (   2.2760E-004,  -1.1676E-004)
(  -3.7249E-005,   1.0960E-005)     (   3.0857E-004,   1.5929E-004)     (   3.1065E-009,  -7.5477E-009)
 
Raman band +004-006 =  -618.3759 cm-1
(  -1.2712E+001,   8.8791E-001)     (   1.4612E-001,  -2.6171E-001)     (  -8.6408E-005,   3.9516E-005)
(  -9.6996E-001,   5.3234E-001)     (  -9.8261E+000,  -2.5208E+000)     (   4.1195E-005,  -1.3353E-004)
(  -3.6027E-005,  -2.8333E-006)     (   8.0737E-005,  -2.0141E-004)     (  -7.0126E-010,  -4.3295E-010)
 
Raman band -004+006 =   618.3759 cm-1
(  -1.6750E+001,  -1.4424E+001)     (   9.4977E-001,  -8.4640E-001)     (  -1.2681E-004,   1.5809E-005)
(  -1.7376E+000,   8.9055E-001)     (  -1.3731E+001,  -1.7603E+001)     (   6.6138E-005,  -1.0154E-004)
(  -3.5747E-005,  -2.2637E-005)     (   1.4470E-004,  -1.7458E-004)     (  -1.5813E-009,  -1.2533E-009)
 
%%%%%%%%%%%%%%%%%%%%%%%%%%%%%%%%%%%%%%%%%%%%%%%%%%%%%%%%%%%%%%%%%%%%%%%%%%%%%%%%%%%%%%%%%%%%%%%%%%%%

 
total Raman tensor:
 
Raman band +005+001 =  1347.3404 cm-1
(   0.0000E+000,   0.0000E+000)     (   0.0000E+000,   0.0000E+000)     (   0.0000E+000,   0.0000E+000)
(   0.0000E+000,   0.0000E+000)     (   0.0000E+000,   0.0000E+000)     (   0.0000E+000,   0.0000E+000)
(   0.0000E+000,   0.0000E+000)     (   0.0000E+000,   0.0000E+000)     (   0.0000E+000,   0.0000E+000)
 
Raman band -005-001 = -1347.3404 cm-1
(   0.0000E+000,   0.0000E+000)     (   0.0000E+000,   0.0000E+000)     (   0.0000E+000,   0.0000E+000)
(   0.0000E+000,   0.0000E+000)     (   0.0000E+000,   0.0000E+000)     (   0.0000E+000,   0.0000E+000)
(   0.0000E+000,   0.0000E+000)     (   0.0000E+000,   0.0000E+000)     (   0.0000E+000,   0.0000E+000)
 
Raman band +005-001 =  1346.1739 cm-1
(   0.0000E+000,   0.0000E+000)     (   0.0000E+000,   0.0000E+000)     (   0.0000E+000,   0.0000E+000)
(   0.0000E+000,   0.0000E+000)     (   0.0000E+000,   0.0000E+000)     (   0.0000E+000,   0.0000E+000)
(   0.0000E+000,   0.0000E+000)     (   0.0000E+000,   0.0000E+000)     (   0.0000E+000,   0.0000E+000)
 
Raman band -005+001 = -1346.1739 cm-1
(   0.0000E+000,   0.0000E+000)     (   0.0000E+000,   0.0000E+000)     (   0.0000E+000,   0.0000E+000)
(   0.0000E+000,   0.0000E+000)     (   0.0000E+000,   0.0000E+000)     (   0.0000E+000,   0.0000E+000)
(   0.0000E+000,   0.0000E+000)     (   0.0000E+000,   0.0000E+000)     (   0.0000E+000,   0.0000E+000)
 
%%%%%%%%%%%%%%%%%%%%%%%%%%%%%%%%%%%%%%%%%%%%%%%%%%%%%%%%%%%%%%%%%%%%%%%%%%%%%%%%%%%%%%%%%%%%%%%%%%%%

 
total Raman tensor:
 
Raman band +005+002 =  1383.6940 cm-1
(  -1.8959E+001,   4.0927E+001)     (   1.5919E-001,   1.8643E-001)     (   3.7213E-005,  -5.1532E-005)
(  -8.6277E-002,   1.4771E-001)     (  -3.2039E+000,   1.6663E+001)     (   1.3788E-006,  -7.3338E-005)
(   5.6799E-005,  -4.1649E-005)     (   3.6577E-005,  -4.8310E-005)     (  -3.2032E-008,   8.0465E-008)
 
Raman band -005-002 = -1383.6940 cm-1
(  -1.1321E+002,   6.0740E+001)     (  -2.7846E-001,   7.2763E-001)     (   5.9209E-004,  -1.6001E-004)
(  -8.9633E-002,   2.5778E-001)     (  -3.2455E+001,   1.9548E+000)     (   9.3283E-005,   2.5571E-004)
(   3.3755E-004,  -3.5224E-004)     (  -5.3137E-007,   5.2414E-005)     (  -1.6384E-007,   2.9618E-007)
 
Raman band +005-002 =  1309.8203 cm-1
(  -1.9863E+001,   4.2845E+001)     (   1.6308E-001,   1.9290E-001)     (   1.1603E-004,  -5.3284E-005)
(  -8.7409E-002,   1.5122E-001)     (  -3.4964E+000,   1.7490E+001)     (  -4.0501E-005,  -7.5787E-005)
(  -1.7114E-006,  -9.2867E-005)     (   6.7181E-005,  -2.1530E-005)     (  -3.5860E-008,   9.0059E-008)
 
Raman band -005+002 = -1309.8203 cm-1
(  -1.1374E+002,   5.9889E+001)     (  -2.6605E-001,   7.3435E-001)     (   5.8034E-004,  -1.8046E-004)
(  -8.7474E-002,   2.5024E-001)     (  -3.3970E+001,   1.2288E+000)     (   1.0546E-004,   2.5012E-004)
(   3.1966E-004,  -3.5770E-004)     (   1.0899E-006,   6.2948E-005)     (  -1.6057E-007,   2.9183E-007)
 
%%%%%%%%%%%%%%%%%%%%%%%%%%%%%%%%%%%%%%%%%%%%%%%%%%%%%%%%%%%%%%%%%%%%%%%%%%%%%%%%%%%%%%%%%%%%%%%%%%%%

 
total Raman tensor:
 
Raman band +005+003 =  1407.1175 cm-1
(  -3.5512E-001,   3.8915E-001)     (   3.5098E+002,  -3.3698E+001)     (   1.6363E-004,   5.0262E-004)
(   1.4906E+001,   1.7427E+002)     (  -2.2499E-001,   4.8552E-001)     (  -4.1160E-004,  -1.5987E-004)
(   6.8373E-004,   6.9851E-006)     (  -1.4393E-004,  -2.0492E-004)     (  -2.3226E-008,   3.6085E-009)
 
Raman band -005-003 = -1407.1175 cm-1
(   4.3286E-001,   1.5420E-001)     (  -1.7692E+002,   7.6231E+002)     (  -2.4000E-003,  -2.3038E-003)
(   1.7687E+002,   1.2184E+002)     (  -2.3989E-001,   1.7497E-001)     (   2.6555E-003,  -7.7557E-004)
(   6.8489E-004,   4.1881E-003)     (   2.2710E-003,   1.8522E-003)     (  -1.1018E-007,  -6.3588E-008)
 
Raman band +005-003 =  1286.3968 cm-1
(  -3.7430E-001,   3.9169E-001)     (   3.6845E+002,  -2.9957E+001)     (   2.0697E-004,   7.2962E-004)
(   1.1447E+001,   1.7928E+002)     (  -2.3832E-001,   4.9783E-001)     (  -4.4205E-004,  -2.9244E-004)
(   7.6684E-004,  -1.9411E-004)     (  -1.5706E-004,  -9.6911E-005)     (  -4.0929E-008,   3.7303E-009)
 
Raman band -005+003 = -1286.3968 cm-1
(   4.4326E-001,   4.2966E-002)     (  -1.6227E+002,   7.8737E+002)     (  -2.5868E-003,  -2.1137E-003)
(   1.7883E+002,   1.0361E+002)     (  -2.4564E-001,   1.2509E-001)     (   2.4987E-003,  -1.0617E-003)
(   9.6137E-004,   4.1380E-003)     (   2.3652E-003,   1.5962E-003)     (  -1.1984E-007,  -5.6220E-008)
 
%%%%%%%%%%%%%%%%%%%%%%%%%%%%%%%%%%%%%%%%%%%%%%%%%%%%%%%%%%%%%%%%%%%%%%%%%%%%%%%%%%%%%%%%%%%%%%%%%%%%

 
total Raman tensor:
 
Raman band +005+004 =  2154.0850 cm-1
(  -1.9187E-002,   8.5200E-003)     (   2.2813E-001,  -5.4946E-002)     (  -1.5043E-006,  -6.9256E-006)
(  -2.5965E-001,   6.8398E-002)     (  -1.3368E-002,  -1.4538E-003)     (  -1.0479E-006,   1.2401E-006)
(   1.6459E-006,   6.4344E-006)     (  -1.2544E-008,   1.2462E-006)     (   1.0506E-011,  -1.3049E-010)
 
Raman band -005-004 = -2154.0850 cm-1
(   4.6292E-001,  -9.1207E-001)     (  -1.7432E+000,  -2.5126E+000)     (   1.9624E-005,  -8.8462E-006)
(   2.8361E+000,   2.4457E+000)     (   1.4063E-001,  -3.3487E-001)     (  -1.8897E-005,   3.1271E-006)
(   6.0686E-006,   7.4947E-006)     (  -4.5999E-006,  -1.8442E-005)     (   3.2782E-010,  -2.9765E-010)
 
Raman band +005-004 =   539.4293 cm-1
(  -5.4200E-002,   5.1496E-002)     (   5.2270E-001,   3.9524E-002)     (  -3.1364E-006,  -1.3558E-005)
(  -6.2302E-001,  -1.1326E-002)     (  -2.6379E-002,   3.9835E-003)     (  -9.2622E-007,   2.1933E-006)
(   2.2364E-006,   1.2593E-005)     (  -5.3343E-008,   7.9005E-007)     (   4.1392E-011,  -8.1245E-011)
 
Raman band -005+004 =  -539.4293 cm-1
(  -3.8094E-001,  -5.9304E-001)     (  -3.0772E+000,   1.5713E+000)     (   2.0868E-005,  -3.8426E-005)
(   3.0817E+000,  -2.4254E+000)     (  -7.3570E-002,  -1.8247E-001)     (  -1.5772E-006,   7.8721E-006)
(  -1.3687E-005,   2.2395E-005)     (  -1.4545E-005,   3.7323E-006)     (   6.3674E-012,  -2.0221E-010)
 
%%%%%%%%%%%%%%%%%%%%%%%%%%%%%%%%%%%%%%%%%%%%%%%%%%%%%%%%%%%%%%%%%%%%%%%%%%%%%%%%%%%%%%%%%%%%%%%%%%%%

 
total Raman tensor:
 
Raman band +005+005 =  2693.5143 cm-1
(   8.1182E+002,   8.2234E+002)     (  -2.1055E-001,  -1.0375E-001)     (   3.8432E-004,   1.2235E-003)
(  -2.8334E-002,  -1.5845E-001)     (   5.6019E+002,   6.4697E+002)     (  -4.1935E-004,  -3.2850E-004)
(   1.2460E-003,   3.7774E-004)     (   2.0111E-004,  -7.5268E-004)     (   6.5033E-007,   3.3451E-007)
 
Raman band -005-005 = -2693.5143 cm-1
(  -1.2203E+003,   3.1497E+003)     (  -1.3637E+000,  -6.2416E-001)     (   4.1186E-003,  -1.0519E-002)
(   2.0003E-001,  -9.3667E-001)     (  -1.5969E+003,   1.2865E+003)     (  -1.1391E-002,   2.4320E-002)
(  -2.1145E-003,  -7.9538E-003)     (  -1.8558E-002,   2.5089E-002)     (   6.7155E-006,   6.2605E-006)
 
Raman band +005-005 =     0.0000 cm-1
(   1.1748E+003,   2.1767E+003)     (   3.4719E-001,  -6.8560E-001)     (  -1.5205E-003,   4.0089E-004)
(   4.7445E-001,   3.9553E-001)     (   6.2820E+002,   1.7068E+003)     (   9.4639E-004,  -3.9949E-004)
(  -2.8390E-004,   2.6554E-003)     (   3.4081E-003,  -2.3944E-003)     (   2.3743E-006,   1.2115E-006)
 
Raman band -005+005 =     0.0000 cm-1
(  -1.7033E+002,   3.6397E+003)     (   1.6067E-001,  -4.3189E-001)     (  -9.6569E-003,  -2.8443E-003)
(  -1.8219E-001,  -4.4093E-001)     (  -9.8330E+002,   2.4379E+003)     (   1.1672E-002,   2.5039E-003)
(  -6.0475E-003,   2.6973E-003)     (   1.4958E-002,   6.6870E-003)     (   4.6289E-006,   3.0175E-006)
 
%%%%%%%%%%%%%%%%%%%%%%%%%%%%%%%%%%%%%%%%%%%%%%%%%%%%%%%%%%%%%%%%%%%%%%%%%%%%%%%%%%%%%%%%%%%%%%%%%%%%

 
total Raman tensor:
 
Raman band +005+006 =  2772.4608 cm-1
(  -5.7162E+000,  -9.5162E+000)     (  -1.5410E+003,   6.8288E+003)     (  -9.0972E-003,   1.2742E-004)
(  -4.1149E+003,  -7.0749E+002)     (  -8.7192E+000,  -7.7491E+000)     (   5.1314E-003,  -5.1217E-003)
(  -3.9297E-003,   1.0841E-002)     (   6.2163E-003,  -9.6119E-004)     (  -9.0064E-007,   1.7020E-006)
 
Raman band -005-006 = -2772.4608 cm-1
(   4.3825E+001,  -5.1215E+001)     (  -1.3038E+004,  -1.2543E+004)     (   7.6223E-002,   6.2649E-002)
(  -9.0769E+003,  -4.2246E+002)     (   2.1355E+001,  -3.4608E+001)     (  -7.5180E-002,  -2.2752E-002)
(  -6.6173E-002,  -5.3226E-002)     (  -7.6499E-002,  -6.6985E-002)     (  -4.5054E-006,  -1.8195E-006)
 
Raman band +005-006 =   -78.9466 cm-1
(  -7.4950E+000,  -1.2461E+001)     (  -1.3424E+004,   1.4463E+004)     (  -2.7248E-002,  -1.2698E-002)
(  -2.8313E+003,  -5.0973E+003)     (  -1.3521E+001,  -1.7738E+001)     (   2.6283E-002,  -5.7270E-003)
(  -1.4538E-002,   2.9082E-002)     (   8.7831E-003,   5.0736E-003)     (  -1.4591E-007,  -1.4559E-006)
 
Raman band -005+006 =    78.9466 cm-1
(  -1.4342E+001,  -2.4315E+001)     (  -2.8782E+004,  -1.2522E+003)     (   2.2460E-002,  -7.7962E-002)
(   4.8396E+002,  -2.3700E+002)     (  -5.4723E+000,  -3.3949E+001)     (   2.9091E-002,   2.9471E-002)
(  -7.7035E-002,   5.3549E-002)     (  -1.1342E-002,   5.5260E-002)     (   6.2450E-007,  -3.6936E-006)
 
%%%%%%%%%%%%%%%%%%%%%%%%%%%%%%%%%%%%%%%%%%%%%%%%%%%%%%%%%%%%%%%%%%%%%%%%%%%%%%%%%%%%%%%%%%%%%%%%%%%%

 
total Raman tensor:
 
Raman band +006+001 =  1426.2869 cm-1
(   0.0000E+000,   0.0000E+000)     (   0.0000E+000,   0.0000E+000)     (   0.0000E+000,   0.0000E+000)
(   0.0000E+000,   0.0000E+000)     (   0.0000E+000,   0.0000E+000)     (   0.0000E+000,   0.0000E+000)
(   0.0000E+000,   0.0000E+000)     (   0.0000E+000,   0.0000E+000)     (   0.0000E+000,   0.0000E+000)
 
Raman band -006-001 = -1426.2869 cm-1
(   0.0000E+000,   0.0000E+000)     (   0.0000E+000,   0.0000E+000)     (   0.0000E+000,   0.0000E+000)
(   0.0000E+000,   0.0000E+000)     (   0.0000E+000,   0.0000E+000)     (   0.0000E+000,   0.0000E+000)
(   0.0000E+000,   0.0000E+000)     (   0.0000E+000,   0.0000E+000)     (   0.0000E+000,   0.0000E+000)
 
Raman band +006-001 =  1425.1205 cm-1
(   0.0000E+000,   0.0000E+000)     (   0.0000E+000,   0.0000E+000)     (   0.0000E+000,   0.0000E+000)
(   0.0000E+000,   0.0000E+000)     (   0.0000E+000,   0.0000E+000)     (   0.0000E+000,   0.0000E+000)
(   0.0000E+000,   0.0000E+000)     (   0.0000E+000,   0.0000E+000)     (   0.0000E+000,   0.0000E+000)
 
Raman band -006+001 = -1425.1205 cm-1
(   0.0000E+000,   0.0000E+000)     (   0.0000E+000,   0.0000E+000)     (   0.0000E+000,   0.0000E+000)
(   0.0000E+000,   0.0000E+000)     (   0.0000E+000,   0.0000E+000)     (   0.0000E+000,   0.0000E+000)
(   0.0000E+000,   0.0000E+000)     (   0.0000E+000,   0.0000E+000)     (   0.0000E+000,   0.0000E+000)
 
%%%%%%%%%%%%%%%%%%%%%%%%%%%%%%%%%%%%%%%%%%%%%%%%%%%%%%%%%%%%%%%%%%%%%%%%%%%%%%%%%%%%%%%%%%%%%%%%%%%%

 
total Raman tensor:
 
Raman band +006+002 =  1462.6406 cm-1
(   4.8552E+000,  -3.2081E-001)     (   9.0552E+001,  -1.7793E+001)     (  -4.2672E-004,   4.2473E-005)
(   1.7336E+002,   1.3336E+002)     (   4.8072E+000,   9.1944E-001)     (  -5.0776E-004,  -3.5577E-004)
(   6.9416E-004,  -3.4774E-004)     (  -6.5534E-004,  -1.2535E-004)     (   2.2655E-008,   1.8809E-009)
 
Raman band -006-002 = -1462.6406 cm-1
(   3.1978E+000,   1.0151E+001)     (   8.9523E+002,   7.0881E+002)     (  -1.0711E-005,  -8.8451E-003)
(  -5.1633E+002,  -9.7297E+001)     (   3.9333E-001,   1.0592E+001)     (   2.1015E-003,   1.6466E-003)
(  -7.9740E-004,  -1.8136E-003)     (   9.0769E-004,   3.0035E-003)     (  -1.5674E-007,   3.8183E-008)
 
Raman band +006-002 =  1388.7668 cm-1
(   4.9399E+000,  -2.9047E-001)     (   9.1670E+001,  -1.8205E+001)     (  -4.3392E-004,   4.0237E-005)
(   1.7630E+002,   1.3656E+002)     (   4.8863E+000,   9.7214E-001)     (  -5.1427E-004,  -3.6663E-004)
(   7.0417E-004,  -3.4443E-004)     (  -6.6309E-004,  -1.3314E-004)     (   2.3249E-008,   2.3248E-009)
 
Raman band -006+002 = -1388.7668 cm-1
(   3.3659E+000,   1.0229E+001)     (   9.1431E+002,   6.8155E+002)     (  -4.7501E-004,  -8.5697E-003)
(  -5.4885E+002,  -6.8520E+001)     (   5.0264E-001,   1.0697E+001)     (   2.1884E-003,   1.4445E-003)
(  -8.1815E-004,  -1.6551E-003)     (   1.1237E-003,   2.8139E-003)     (  -1.5766E-007,   3.7357E-008)
 
%%%%%%%%%%%%%%%%%%%%%%%%%%%%%%%%%%%%%%%%%%%%%%%%%%%%%%%%%%%%%%%%%%%%%%%%%%%%%%%%%%%%%%%%%%%%%%%%%%%%

 
total Raman tensor:
 
Raman band +006+003 =  1486.0641 cm-1
(   1.0894E+004,  -8.8031E+003)     (  -2.6343E-001,   1.3150E+000)     (   7.9016E-003,  -1.6762E-003)
(  -8.2442E-001,   1.0518E-001)     (   1.1072E+004,  -8.5824E+003)     (  -1.3793E-002,   4.3418E-003)
(   8.9400E-003,  -2.5444E-003)     (  -9.2126E-003,   3.4658E-003)     (   4.3282E-007,  -3.9596E-006)
 
Raman band -006-003 = -1486.0641 cm-1
(  -1.0764E+004,   1.6246E+004)     (   2.9276E+000,  -1.3485E+001)     (  -9.0132E-002,   7.8765E-002)
(   1.1001E+000,  -2.0715E+000)     (  -1.1432E+004,   1.6033E+004)     (   1.3862E-001,  -1.0702E-001)
(  -8.4896E-002,   6.7961E-002)     (   1.3799E-001,  -1.0120E-001)     (   6.9218E-006,  -1.1512E-005)
 
Raman band +006-003 =  1365.3433 cm-1
(   1.1537E+004,  -8.9210E+003)     (  -3.0901E-001,   1.3841E+000)     (   7.7653E-003,  -1.4401E-003)
(  -8.7235E-001,   8.3881E-002)     (   1.1717E+004,  -8.6913E+003)     (  -1.5038E-002,   4.0828E-003)
(   1.0068E-002,  -2.3626E-003)     (  -9.4319E-003,   2.9799E-003)     (   4.5013E-007,  -4.2298E-006)
 
Raman band -006+003 = -1365.3433 cm-1
(  -1.0746E+004,   1.7452E+004)     (   1.8001E+000,  -1.3722E+001)     (  -8.2361E-002,   8.5205E-002)
(   1.0581E+000,  -1.9906E+000)     (  -1.1435E+004,   1.7286E+004)     (   1.2664E-001,  -1.1762E-001)
(  -7.7629E-002,   7.4303E-002)     (   1.2674E-001,  -1.1179E-001)     (   6.7807E-006,  -1.1410E-005)
 
%%%%%%%%%%%%%%%%%%%%%%%%%%%%%%%%%%%%%%%%%%%%%%%%%%%%%%%%%%%%%%%%%%%%%%%%%%%%%%%%%%%%%%%%%%%%%%%%%%%%

 
total Raman tensor:
 
Raman band +006+004 =  2233.0315 cm-1
(  -1.3554E+000,   1.1172E+000)     (   4.8467E-002,  -6.7756E-003)     (  -8.3867E-006,   7.5485E-006)
(  -6.2445E-002,   1.3450E-001)     (  -1.3457E+000,   3.5146E-001)     (  -3.3821E-005,  -2.2529E-005)
(   3.5890E-007,  -6.1207E-006)     (  -2.4379E-005,  -5.2559E-005)     (  -4.5363E-010,   5.8530E-011)
 
Raman band -006-004 = -2233.0315 cm-1
(  -3.8635E-001,   4.0188E+000)     (  -5.5350E+000,  -1.0301E+000)     (   1.1647E-004,   3.9160E-005)
(  -7.5349E-001,  -1.8556E+000)     (   1.0779E+000,   1.4779E+001)     (   4.7658E-004,   4.8467E-005)
(  -8.5678E-005,  -3.8892E-004)     (   3.8804E-004,  -1.8097E-004)     (  -1.9444E-010,  -5.1698E-009)
 
Raman band +006-004 =   618.3759 cm-1
(  -3.4490E+000,   1.6280E+000)     (   2.1249E-001,  -2.3644E-002)     (  -6.4771E-006,   7.1734E-006)
(  -3.2568E-002,   2.9907E-001)     (  -3.0912E+000,   1.2961E-001)     (  -3.5558E-005,  -3.5140E-005)
(  -1.2113E-005,  -2.4279E-006)     (  -2.6956E-005,  -8.3757E-005)     (   1.1135E-010,   1.8023E-009)
 
Raman band -006+004 =  -618.3759 cm-1
(   4.7481E+000,   5.3222E+000)     (  -2.4949E+000,   2.8055E+000)     (   2.1121E-005,  -1.4279E-004)
(  -1.0889E+000,  -3.3106E-001)     (   1.4268E+001,   8.6740E+000)     (   2.3505E-004,  -3.3032E-004)
(  -2.2805E-004,   5.3288E-005)     (   1.4741E-004,  -1.9689E-004)     (  -3.7328E-009,  -5.8478E-010)
 
%%%%%%%%%%%%%%%%%%%%%%%%%%%%%%%%%%%%%%%%%%%%%%%%%%%%%%%%%%%%%%%%%%%%%%%%%%%%%%%%%%%%%%%%%%%%%%%%%%%%

 
total Raman tensor:
 
Raman band +006+005 =  2772.4608 cm-1
(  -1.1827E+001,  -8.2005E+000)     (   2.0678E+003,  -6.5978E+003)     (   9.3423E-003,   6.0857E-004)
(   3.7750E+003,   9.9139E+002)     (  -8.8009E+000,  -9.6802E+000)     (  -4.5764E-003,   5.9271E-003)
(   5.1965E-003,  -1.0290E-002)     (  -5.1589E-003,   1.5536E-003)     (   7.4259E-007,  -1.7624E-006)
 
Raman band -006-005 = -2772.4608 cm-1
(   3.7933E-001,  -4.8150E+000)     (   1.1001E+004,   1.2438E+004)     (  -8.5995E-002,  -6.5382E-002)
(   8.8997E+003,   2.8429E+002)     (   2.6008E+001,  -1.8624E+001)     (   7.4535E-002,   2.0454E-002)
(   4.9315E-002,   8.4578E-002)     (   7.6278E-002,   7.0396E-002)     (   4.9883E-006,   1.3331E-006)
 
Raman band +006-005 =    78.9466 cm-1
(  -2.0565E+001,  -2.7995E+001)     (   1.2380E+004,  -1.3283E+004)     (   3.0756E-002,   1.2501E-002)
(   2.7144E+003,   4.8595E+003)     (  -1.2990E+001,  -2.6451E+001)     (  -2.4132E-002,   7.9116E-003)
(   1.0182E-002,  -2.7902E-002)     (  -5.4708E-003,  -1.8019E-003)     (   3.8997E-008,   9.1040E-007)
 
Raman band -006+005 =   -78.9466 cm-1
(   2.8624E+001,  -4.4195E+001)     (   2.7230E+004,   6.7674E+003)     (  -4.0607E-002,   7.7682E-002)
(  -5.4564E+002,  -2.1572E+003)     (   2.0687E+001,  -4.5298E+001)     (  -3.3978E-002,  -3.3141E-002)
(   1.0049E-001,  -3.8270E-002)     (   2.1313E-002,  -5.2528E-002)     (  -1.0171E-006,   3.2967E-006)
 
%%%%%%%%%%%%%%%%%%%%%%%%%%%%%%%%%%%%%%%%%%%%%%%%%%%%%%%%%%%%%%%%%%%%%%%%%%%%%%%%%%%%%%%%%%%%%%%%%%%%

 
total Raman tensor:
 
Raman band +006+006 =  2851.4074 cm-1
(   1.0761E+005,   2.8497E+005)     (   1.2208E+000,  -8.2486E+000)     (   1.3416E-002,   1.7305E-001)
(   3.9599E+000,  -6.0513E+000)     (   1.0685E+005,   2.8321E+005)     (  -2.1468E-003,  -2.6227E-001)
(   2.2954E-003,   1.6785E-001)     (  -2.5664E-002,  -2.5759E-001)     (   4.5839E-005,   3.1026E-005)
 
Raman band -006-006 = -2851.4074 cm-1
(  -1.1987E+005,  -3.7137E+005)     (  -1.0556E+002,  -3.5272E+001)     (   2.0129E+000,  -2.4776E+000)
(  -3.8690E+001,   3.7943E+000)     (  -1.1868E+005,  -3.6834E+005)     (  -3.3898E+000,   3.5147E+000)
(   2.0919E+000,  -1.9555E+000)     (  -3.2594E+000,   3.3175E+000)     (   2.9096E-004,   4.1786E-004)
 
Raman band +006-006 =     0.0000 cm-1
(  -2.3520E+005,   7.3278E+005)     (   2.4891E+001,  -2.6002E+001)     (  -2.8718E-001,   4.9058E-001)
(   2.7186E+001,  -1.1469E+001)     (  -2.3640E+005,   7.2785E+005)     (   5.4325E-001,  -9.2366E-001)
(  -3.6360E-001,   5.8002E-001)     (   4.0888E-001,  -7.3512E-001)     (   1.5471E-004,   1.0778E-004)
 
Raman band -006+006 =     0.0000 cm-1
(  -9.6009E+005,  -2.1250E+005)     (   2.5162E+001,   1.1049E+002)     (  -2.1498E+000,  -9.0982E-001)
(   5.5315E+001,   4.4278E+001)     (  -9.5445E+005,  -2.0925E+005)     (   3.1068E+000,   1.3765E+000)
(  -1.8219E+000,  -9.1254E-001)     (   3.0148E+000,   1.3291E+000)     (   2.5005E-004,   2.7244E-004)
 
%%%%%%%%%%%%%%%%%%%%%%%%%%%%%%%%%%%%%%%%%%%%%%%%%%%%%%%%%%%%%%%%%%%%%%%%%%%%%%%%%%%%%%%%%%%%%%%%%%%%

 
