The Raman tensors are listed in a branch-resolved way
 
total Raman tensor:
 
Raman band +001+001 =    -0.3350 cm-1
(   0.0000E+000,   0.0000E+000)     (   0.0000E+000,   0.0000E+000)     (   0.0000E+000,   0.0000E+000)
(   0.0000E+000,   0.0000E+000)     (   0.0000E+000,   0.0000E+000)     (   0.0000E+000,   0.0000E+000)
(   0.0000E+000,   0.0000E+000)     (   0.0000E+000,   0.0000E+000)     (   0.0000E+000,   0.0000E+000)
 
Raman band -001-001 =     0.3350 cm-1
(   0.0000E+000,   0.0000E+000)     (   0.0000E+000,   0.0000E+000)     (   0.0000E+000,   0.0000E+000)
(   0.0000E+000,   0.0000E+000)     (   0.0000E+000,   0.0000E+000)     (   0.0000E+000,   0.0000E+000)
(   0.0000E+000,   0.0000E+000)     (   0.0000E+000,   0.0000E+000)     (   0.0000E+000,   0.0000E+000)
 
Raman band +001-001 =     0.0000 cm-1
(   0.0000E+000,   0.0000E+000)     (   0.0000E+000,   0.0000E+000)     (   0.0000E+000,   0.0000E+000)
(   0.0000E+000,   0.0000E+000)     (   0.0000E+000,   0.0000E+000)     (   0.0000E+000,   0.0000E+000)
(   0.0000E+000,   0.0000E+000)     (   0.0000E+000,   0.0000E+000)     (   0.0000E+000,   0.0000E+000)
 
Raman band -001+001 =     0.0000 cm-1
(   0.0000E+000,   0.0000E+000)     (   0.0000E+000,   0.0000E+000)     (   0.0000E+000,   0.0000E+000)
(   0.0000E+000,   0.0000E+000)     (   0.0000E+000,   0.0000E+000)     (   0.0000E+000,   0.0000E+000)
(   0.0000E+000,   0.0000E+000)     (   0.0000E+000,   0.0000E+000)     (   0.0000E+000,   0.0000E+000)
 
%%%%%%%%%%%%%%%%%%%%%%%%%%%%%%%%%%%%%%%%%%%%%%%%%%%%%%%%%%%%%%%%%%%%%%%%%%%%%%%%%%%%%%%%%%%%%%%%%%%%

 
total Raman tensor:
 
Raman band +001+002 =    12.1356 cm-1
(   0.0000E+000,   0.0000E+000)     (   0.0000E+000,   0.0000E+000)     (   0.0000E+000,   0.0000E+000)
(   0.0000E+000,   0.0000E+000)     (   0.0000E+000,   0.0000E+000)     (   0.0000E+000,   0.0000E+000)
(   0.0000E+000,   0.0000E+000)     (   0.0000E+000,   0.0000E+000)     (   0.0000E+000,   0.0000E+000)
 
Raman band -001-002 =   -12.1356 cm-1
(   0.0000E+000,   0.0000E+000)     (   0.0000E+000,   0.0000E+000)     (   0.0000E+000,   0.0000E+000)
(   0.0000E+000,   0.0000E+000)     (   0.0000E+000,   0.0000E+000)     (   0.0000E+000,   0.0000E+000)
(   0.0000E+000,   0.0000E+000)     (   0.0000E+000,   0.0000E+000)     (   0.0000E+000,   0.0000E+000)
 
Raman band +001-002 =   -12.4706 cm-1
(   0.0000E+000,   0.0000E+000)     (   0.0000E+000,   0.0000E+000)     (   0.0000E+000,   0.0000E+000)
(   0.0000E+000,   0.0000E+000)     (   0.0000E+000,   0.0000E+000)     (   0.0000E+000,   0.0000E+000)
(   0.0000E+000,   0.0000E+000)     (   0.0000E+000,   0.0000E+000)     (   0.0000E+000,   0.0000E+000)
 
Raman band -001+002 =    12.4706 cm-1
(   0.0000E+000,   0.0000E+000)     (   0.0000E+000,   0.0000E+000)     (   0.0000E+000,   0.0000E+000)
(   0.0000E+000,   0.0000E+000)     (   0.0000E+000,   0.0000E+000)     (   0.0000E+000,   0.0000E+000)
(   0.0000E+000,   0.0000E+000)     (   0.0000E+000,   0.0000E+000)     (   0.0000E+000,   0.0000E+000)
 
%%%%%%%%%%%%%%%%%%%%%%%%%%%%%%%%%%%%%%%%%%%%%%%%%%%%%%%%%%%%%%%%%%%%%%%%%%%%%%%%%%%%%%%%%%%%%%%%%%%%

 
total Raman tensor:
 
Raman band +001+003 =    19.9432 cm-1
(   0.0000E+000,   0.0000E+000)     (   0.0000E+000,   0.0000E+000)     (   0.0000E+000,   0.0000E+000)
(   0.0000E+000,   0.0000E+000)     (   0.0000E+000,   0.0000E+000)     (   0.0000E+000,   0.0000E+000)
(   0.0000E+000,   0.0000E+000)     (   0.0000E+000,   0.0000E+000)     (   0.0000E+000,   0.0000E+000)
 
Raman band -001-003 =   -19.9432 cm-1
(   0.0000E+000,   0.0000E+000)     (   0.0000E+000,   0.0000E+000)     (   0.0000E+000,   0.0000E+000)
(   0.0000E+000,   0.0000E+000)     (   0.0000E+000,   0.0000E+000)     (   0.0000E+000,   0.0000E+000)
(   0.0000E+000,   0.0000E+000)     (   0.0000E+000,   0.0000E+000)     (   0.0000E+000,   0.0000E+000)
 
Raman band +001-003 =   -20.2782 cm-1
(   0.0000E+000,   0.0000E+000)     (   0.0000E+000,   0.0000E+000)     (   0.0000E+000,   0.0000E+000)
(   0.0000E+000,   0.0000E+000)     (   0.0000E+000,   0.0000E+000)     (   0.0000E+000,   0.0000E+000)
(   0.0000E+000,   0.0000E+000)     (   0.0000E+000,   0.0000E+000)     (   0.0000E+000,   0.0000E+000)
 
Raman band -001+003 =    20.2782 cm-1
(   0.0000E+000,   0.0000E+000)     (   0.0000E+000,   0.0000E+000)     (   0.0000E+000,   0.0000E+000)
(   0.0000E+000,   0.0000E+000)     (   0.0000E+000,   0.0000E+000)     (   0.0000E+000,   0.0000E+000)
(   0.0000E+000,   0.0000E+000)     (   0.0000E+000,   0.0000E+000)     (   0.0000E+000,   0.0000E+000)
 
%%%%%%%%%%%%%%%%%%%%%%%%%%%%%%%%%%%%%%%%%%%%%%%%%%%%%%%%%%%%%%%%%%%%%%%%%%%%%%%%%%%%%%%%%%%%%%%%%%%%

 
total Raman tensor:
 
Raman band +001+004 =   808.4657 cm-1
(   0.0000E+000,   0.0000E+000)     (   0.0000E+000,   0.0000E+000)     (   0.0000E+000,   0.0000E+000)
(   0.0000E+000,   0.0000E+000)     (   0.0000E+000,   0.0000E+000)     (   0.0000E+000,   0.0000E+000)
(   0.0000E+000,   0.0000E+000)     (   0.0000E+000,   0.0000E+000)     (   0.0000E+000,   0.0000E+000)
 
Raman band -001-004 =  -808.4657 cm-1
(   0.0000E+000,   0.0000E+000)     (   0.0000E+000,   0.0000E+000)     (   0.0000E+000,   0.0000E+000)
(   0.0000E+000,   0.0000E+000)     (   0.0000E+000,   0.0000E+000)     (   0.0000E+000,   0.0000E+000)
(   0.0000E+000,   0.0000E+000)     (   0.0000E+000,   0.0000E+000)     (   0.0000E+000,   0.0000E+000)
 
Raman band +001-004 =  -808.8007 cm-1
(   0.0000E+000,   0.0000E+000)     (   0.0000E+000,   0.0000E+000)     (   0.0000E+000,   0.0000E+000)
(   0.0000E+000,   0.0000E+000)     (   0.0000E+000,   0.0000E+000)     (   0.0000E+000,   0.0000E+000)
(   0.0000E+000,   0.0000E+000)     (   0.0000E+000,   0.0000E+000)     (   0.0000E+000,   0.0000E+000)
 
Raman band -001+004 =   808.8007 cm-1
(   0.0000E+000,   0.0000E+000)     (   0.0000E+000,   0.0000E+000)     (   0.0000E+000,   0.0000E+000)
(   0.0000E+000,   0.0000E+000)     (   0.0000E+000,   0.0000E+000)     (   0.0000E+000,   0.0000E+000)
(   0.0000E+000,   0.0000E+000)     (   0.0000E+000,   0.0000E+000)     (   0.0000E+000,   0.0000E+000)
 
%%%%%%%%%%%%%%%%%%%%%%%%%%%%%%%%%%%%%%%%%%%%%%%%%%%%%%%%%%%%%%%%%%%%%%%%%%%%%%%%%%%%%%%%%%%%%%%%%%%%

 
total Raman tensor:
 
Raman band +001+005 =  1346.9855 cm-1
(   0.0000E+000,   0.0000E+000)     (   0.0000E+000,   0.0000E+000)     (   0.0000E+000,   0.0000E+000)
(   0.0000E+000,   0.0000E+000)     (   0.0000E+000,   0.0000E+000)     (   0.0000E+000,   0.0000E+000)
(   0.0000E+000,   0.0000E+000)     (   0.0000E+000,   0.0000E+000)     (   0.0000E+000,   0.0000E+000)
 
Raman band -001-005 = -1346.9855 cm-1
(   0.0000E+000,   0.0000E+000)     (   0.0000E+000,   0.0000E+000)     (   0.0000E+000,   0.0000E+000)
(   0.0000E+000,   0.0000E+000)     (   0.0000E+000,   0.0000E+000)     (   0.0000E+000,   0.0000E+000)
(   0.0000E+000,   0.0000E+000)     (   0.0000E+000,   0.0000E+000)     (   0.0000E+000,   0.0000E+000)
 
Raman band +001-005 = -1347.3205 cm-1
(   0.0000E+000,   0.0000E+000)     (   0.0000E+000,   0.0000E+000)     (   0.0000E+000,   0.0000E+000)
(   0.0000E+000,   0.0000E+000)     (   0.0000E+000,   0.0000E+000)     (   0.0000E+000,   0.0000E+000)
(   0.0000E+000,   0.0000E+000)     (   0.0000E+000,   0.0000E+000)     (   0.0000E+000,   0.0000E+000)
 
Raman band -001+005 =  1347.3205 cm-1
(   0.0000E+000,   0.0000E+000)     (   0.0000E+000,   0.0000E+000)     (   0.0000E+000,   0.0000E+000)
(   0.0000E+000,   0.0000E+000)     (   0.0000E+000,   0.0000E+000)     (   0.0000E+000,   0.0000E+000)
(   0.0000E+000,   0.0000E+000)     (   0.0000E+000,   0.0000E+000)     (   0.0000E+000,   0.0000E+000)
 
%%%%%%%%%%%%%%%%%%%%%%%%%%%%%%%%%%%%%%%%%%%%%%%%%%%%%%%%%%%%%%%%%%%%%%%%%%%%%%%%%%%%%%%%%%%%%%%%%%%%

 
total Raman tensor:
 
Raman band +001+006 =  1380.3537 cm-1
(   0.0000E+000,   0.0000E+000)     (   0.0000E+000,   0.0000E+000)     (   0.0000E+000,   0.0000E+000)
(   0.0000E+000,   0.0000E+000)     (   0.0000E+000,   0.0000E+000)     (   0.0000E+000,   0.0000E+000)
(   0.0000E+000,   0.0000E+000)     (   0.0000E+000,   0.0000E+000)     (   0.0000E+000,   0.0000E+000)
 
Raman band -001-006 = -1380.3537 cm-1
(   0.0000E+000,   0.0000E+000)     (   0.0000E+000,   0.0000E+000)     (   0.0000E+000,   0.0000E+000)
(   0.0000E+000,   0.0000E+000)     (   0.0000E+000,   0.0000E+000)     (   0.0000E+000,   0.0000E+000)
(   0.0000E+000,   0.0000E+000)     (   0.0000E+000,   0.0000E+000)     (   0.0000E+000,   0.0000E+000)
 
Raman band +001-006 = -1380.6887 cm-1
(   0.0000E+000,   0.0000E+000)     (   0.0000E+000,   0.0000E+000)     (   0.0000E+000,   0.0000E+000)
(   0.0000E+000,   0.0000E+000)     (   0.0000E+000,   0.0000E+000)     (   0.0000E+000,   0.0000E+000)
(   0.0000E+000,   0.0000E+000)     (   0.0000E+000,   0.0000E+000)     (   0.0000E+000,   0.0000E+000)
 
Raman band -001+006 =  1380.6887 cm-1
(   0.0000E+000,   0.0000E+000)     (   0.0000E+000,   0.0000E+000)     (   0.0000E+000,   0.0000E+000)
(   0.0000E+000,   0.0000E+000)     (   0.0000E+000,   0.0000E+000)     (   0.0000E+000,   0.0000E+000)
(   0.0000E+000,   0.0000E+000)     (   0.0000E+000,   0.0000E+000)     (   0.0000E+000,   0.0000E+000)
 
%%%%%%%%%%%%%%%%%%%%%%%%%%%%%%%%%%%%%%%%%%%%%%%%%%%%%%%%%%%%%%%%%%%%%%%%%%%%%%%%%%%%%%%%%%%%%%%%%%%%

 
total Raman tensor:
 
Raman band +002+001 =    12.1356 cm-1
(   0.0000E+000,   0.0000E+000)     (   0.0000E+000,   0.0000E+000)     (   0.0000E+000,   0.0000E+000)
(   0.0000E+000,   0.0000E+000)     (   0.0000E+000,   0.0000E+000)     (   0.0000E+000,   0.0000E+000)
(   0.0000E+000,   0.0000E+000)     (   0.0000E+000,   0.0000E+000)     (   0.0000E+000,   0.0000E+000)
 
Raman band -002-001 =   -12.1356 cm-1
(   0.0000E+000,   0.0000E+000)     (   0.0000E+000,   0.0000E+000)     (   0.0000E+000,   0.0000E+000)
(   0.0000E+000,   0.0000E+000)     (   0.0000E+000,   0.0000E+000)     (   0.0000E+000,   0.0000E+000)
(   0.0000E+000,   0.0000E+000)     (   0.0000E+000,   0.0000E+000)     (   0.0000E+000,   0.0000E+000)
 
Raman band +002-001 =    12.4706 cm-1
(   0.0000E+000,   0.0000E+000)     (   0.0000E+000,   0.0000E+000)     (   0.0000E+000,   0.0000E+000)
(   0.0000E+000,   0.0000E+000)     (   0.0000E+000,   0.0000E+000)     (   0.0000E+000,   0.0000E+000)
(   0.0000E+000,   0.0000E+000)     (   0.0000E+000,   0.0000E+000)     (   0.0000E+000,   0.0000E+000)
 
Raman band -002+001 =   -12.4706 cm-1
(   0.0000E+000,   0.0000E+000)     (   0.0000E+000,   0.0000E+000)     (   0.0000E+000,   0.0000E+000)
(   0.0000E+000,   0.0000E+000)     (   0.0000E+000,   0.0000E+000)     (   0.0000E+000,   0.0000E+000)
(   0.0000E+000,   0.0000E+000)     (   0.0000E+000,   0.0000E+000)     (   0.0000E+000,   0.0000E+000)
 
%%%%%%%%%%%%%%%%%%%%%%%%%%%%%%%%%%%%%%%%%%%%%%%%%%%%%%%%%%%%%%%%%%%%%%%%%%%%%%%%%%%%%%%%%%%%%%%%%%%%

 
total Raman tensor:
 
Raman band +002+002 =    24.6062 cm-1
(  -3.3831E-001,   2.3783E+000)     (   9.1409E-003,   6.3141E-003)     (  -9.3336E-006,  -2.6603E-006)
(   8.0956E-003,   1.4664E-003)     (  -1.2598E+000,   1.8824E+000)     (   2.2581E-006,  -1.3989E-006)
(  -9.9228E-006,  -1.8219E-006)     (   5.8194E-006,  -5.5568E-006)     (   4.9684E-009,   2.3083E-009)
 
Raman band -002-002 =   -24.6062 cm-1
(  -4.2222E-001,   2.2726E+000)     (   9.1944E-003,   6.5691E-003)     (  -9.7495E-006,  -2.3548E-006)
(   8.4577E-003,   1.4913E-003)     (  -1.3641E+000,   1.7713E+000)     (   2.4687E-006,  -1.4371E-006)
(  -1.0015E-005,  -2.4138E-006)     (   6.1259E-006,  -5.3926E-006)     (   5.0409E-009,   2.3551E-009)
 
Raman band +002-002 =     0.0000 cm-1
(  -3.6913E-001,   2.3444E+000)     (   9.1561E-003,   6.3936E-003)     (  -9.4110E-006,  -2.6484E-006)
(   8.2099E-003,   1.4760E-003)     (  -1.2959E+000,   1.8471E+000)     (   2.2949E-006,  -1.3772E-006)
(  -9.9572E-006,  -1.9080E-006)     (   5.9127E-006,  -5.5549E-006)     (   4.9889E-009,   2.3227E-009)
 
Raman band -002+002 =     0.0000 cm-1
(  -3.8748E-001,   2.3123E+000)     (   9.2105E-003,   6.4957E-003)     (  -9.6628E-006,  -2.3160E-006)
(   8.3649E-003,   1.4891E-003)     (  -1.3272E+000,   1.8113E+000)     (   2.4095E-006,  -1.4698E-006)
(  -9.9487E-006,  -2.3583E-006)     (   6.0083E-006,  -5.4084E-006)     (   5.0225E-009,   2.3412E-009)
 
%%%%%%%%%%%%%%%%%%%%%%%%%%%%%%%%%%%%%%%%%%%%%%%%%%%%%%%%%%%%%%%%%%%%%%%%%%%%%%%%%%%%%%%%%%%%%%%%%%%%

 
total Raman tensor:
 
Raman band +002+003 =    32.4138 cm-1
(  -2.2697E-001,   8.2684E-002)     (  -3.9633E+000,   7.7198E+000)     (  -2.1715E-005,  -2.3998E-005)
(   1.2762E+001,  -1.2793E+000)     (  -1.7144E-001,   7.4096E-002)     (   4.9176E-005,   1.6644E-005)
(   2.5078E-007,  -3.2490E-005)     (   3.2875E-005,   2.6869E-005)     (  -3.9499E-009,  -2.7372E-009)
 
Raman band -002-003 =   -32.4138 cm-1
(  -2.3563E-001,   7.6257E-002)     (  -4.3230E+000,   7.8894E+000)     (  -1.9428E-005,  -2.4471E-005)
(   1.3969E+001,  -5.9093E-001)     (  -1.7638E-001,   7.0405E-002)     (   4.9204E-005,   1.7624E-005)
(   1.4919E-007,  -3.2827E-005)     (   3.3164E-005,   2.8292E-005)     (  -4.0191E-009,  -2.8192E-009)
 
Raman band +002-003 =    -7.8077 cm-1
(  -2.3086E-001,   7.9871E-002)     (  -4.0896E+000,   7.7899E+000)     (  -2.0999E-005,  -2.4286E-005)
(   1.3275E+001,  -9.9327E-001)     (  -1.7367E-001,   7.2466E-002)     (   4.9378E-005,   1.7187E-005)
(   5.1658E-007,  -3.2673E-005)     (   3.2823E-005,   2.7479E-005)     (  -3.9833E-009,  -2.7552E-009)
 
Raman band -002+003 =     7.8077 cm-1
(  -2.3180E-001,   7.9314E-002)     (  -4.1899E+000,   7.8261E+000)     (  -2.0178E-005,  -2.4227E-005)
(   1.3448E+001,  -9.1930E-001)     (  -1.7419E-001,   7.2139E-002)     (   4.9004E-005,   1.7070E-005)
(  -1.0058E-007,  -3.2661E-005)     (   3.3242E-005,   2.7690E-005)     (  -3.9855E-009,  -2.8009E-009)
 
%%%%%%%%%%%%%%%%%%%%%%%%%%%%%%%%%%%%%%%%%%%%%%%%%%%%%%%%%%%%%%%%%%%%%%%%%%%%%%%%%%%%%%%%%%%%%%%%%%%%

 
total Raman tensor:
 
Raman band +002+004 =   820.9363 cm-1
(   7.6239E-004,   3.2451E-003)     (   2.8406E-002,   1.4369E-002)     (  -2.2355E-007,  -3.6324E-008)
(  -2.7771E-002,  -1.8425E-002)     (   2.2374E-003,   2.6227E-003)     (   2.2796E-009,   3.3187E-008)
(   2.1784E-007,   4.2079E-008)     (   3.2381E-008,   7.1369E-008)     (   1.8746E-012,   4.2003E-012)
 
Raman band -002-004 =  -820.9363 cm-1
(  -4.7257E-003,   3.2408E-003)     (  -8.1616E-003,   4.3650E-002)     (  -2.7854E-007,  -1.4630E-007)
(   1.7165E-002,  -4.1979E-002)     (  -6.7008E-004,   7.6396E-003)     (   2.9568E-008,   1.8909E-008)
(   2.2751E-007,   1.6181E-007)     (   5.3308E-009,   1.5287E-007)     (   2.4696E-012,   6.3166E-012)
 
Raman band +002-004 =  -796.3301 cm-1
(  -4.5439E-003,   3.3491E-003)     (  -6.2563E-003,   4.4112E-002)     (  -2.7814E-007,  -1.4416E-007)
(   1.5169E-002,  -4.2947E-002)     (  -4.3695E-004,   7.4873E-003)     (   2.6860E-008,   1.8168E-008)
(   2.2960E-007,   1.5952E-007)     (   8.2841E-009,   1.5079E-007)     (   2.4795E-012,   6.1962E-012)
 
Raman band -002+004 =   796.3301 cm-1
(   6.9019E-004,   3.3364E-003)     (   2.8522E-002,   1.5518E-002)     (  -2.2550E-007,  -3.8455E-008)
(  -2.7718E-002,  -1.9648E-002)     (   2.2549E-003,   2.7233E-003)     (   2.1728E-009,   3.2891E-008)
(   2.2014E-007,   4.5375E-008)     (   3.3324E-008,   7.3439E-008)     (   1.9201E-012,   4.2336E-012)
 
%%%%%%%%%%%%%%%%%%%%%%%%%%%%%%%%%%%%%%%%%%%%%%%%%%%%%%%%%%%%%%%%%%%%%%%%%%%%%%%%%%%%%%%%%%%%%%%%%%%%

 
total Raman tensor:
 
Raman band +002+005 =  1359.4561 cm-1
(  -2.2027E+000,  -1.5577E+001)     (   1.0310E-001,  -9.6796E-002)     (  -2.3174E-005,   1.0564E-004)
(   1.0844E-001,  -4.1852E-002)     (  -1.4992E+001,   3.6579E+000)     (  -2.0197E-005,  -2.7426E-005)
(  -1.5831E-005,   7.9323E-005)     (  -3.0763E-005,  -2.7456E-005)     (   2.5401E-008,  -6.7037E-008)
 
Raman band -002-005 = -1359.4561 cm-1
(   3.6284E+001,  -1.2807E+002)     (   2.7238E-001,  -1.0708E-001)     (  -1.3508E-004,   1.5888E-004)
(   2.1322E-001,  -3.7450E-002)     (  -5.1436E+000,  -8.2414E+001)     (  -8.0253E-005,   6.0193E-005)
(  -4.7252E-005,   1.4850E-004)     (  -9.2707E-005,   6.4042E-005)     (   6.3137E-008,  -1.4548E-007)
 
Raman band +002-005 = -1334.8500 cm-1
(   3.2915E+001,  -1.2602E+002)     (   2.6912E-001,  -1.0783E-001)     (  -1.4358E-004,   1.5524E-004)
(   2.1147E-001,  -3.7784E-002)     (  -7.5298E+000,  -8.0818E+001)     (  -6.9352E-005,   5.9890E-005)
(  -3.9779E-005,   1.4934E-004)     (  -8.7986E-005,   6.1574E-005)     (   6.1962E-008,  -1.4383E-007)
 
Raman band -002+005 =  1334.8500 cm-1
(  -2.6584E+000,  -1.6490E+001)     (   1.0552E-001,  -9.8595E-002)     (  -2.7061E-005,   1.1621E-004)
(   1.1044E-001,  -4.2874E-002)     (  -1.5697E+001,   3.2723E+000)     (  -1.8361E-005,  -3.4760E-005)
(  -1.7659E-005,   9.0746E-005)     (  -2.9347E-005,  -3.3970E-005)     (   2.6325E-008,  -7.0781E-008)
 
%%%%%%%%%%%%%%%%%%%%%%%%%%%%%%%%%%%%%%%%%%%%%%%%%%%%%%%%%%%%%%%%%%%%%%%%%%%%%%%%%%%%%%%%%%%%%%%%%%%%

 
total Raman tensor:
 
Raman band +002+006 =  1392.8243 cm-1
(  -1.4853E+000,  -6.0928E+000)     (  -1.6442E+002,  -1.2224E+002)     (   8.2732E-004,  -6.2107E-004)
(   8.7096E+001,   1.8633E+002)     (  -1.5518E+000,  -5.1031E+000)     (  -5.2339E-004,   1.3112E-003)
(   9.9906E-004,   5.3738E-005)     (  -8.1008E-004,   1.0520E-003)     (   4.8351E-008,  -1.2004E-007)
 
Raman band -002-006 = -1392.8243 cm-1
(   5.7464E+000,  -7.8020E+000)     (  -1.9533E+002,  -4.4889E+002)     (   9.2082E-004,  -3.6881E-004)
(  -9.9934E+002,   1.7108E+002)     (   2.8078E+000,  -7.4535E+000)     (  -2.7367E-003,   1.7932E-003)
(   2.0172E-003,   1.0913E-003)     (  -1.9744E-003,   6.8476E-004)     (   2.1649E-007,  -2.1429E-007)
 
Raman band +002-006 = -1368.2181 cm-1
(   5.6353E+000,  -7.8890E+000)     (  -2.0062E+002,  -4.4187E+002)     (   9.2396E-004,  -4.0452E-004)
(  -9.7537E+002,   1.9777E+002)     (   2.7203E+000,  -7.4654E+000)     (  -2.6768E-003,   1.8511E-003)
(   1.9672E-003,   1.0655E-003)     (  -1.9354E-003,   6.7296E-004)     (   2.1172E-007,  -2.1239E-007)
 
Raman band -002+006 =  1368.2181 cm-1
(  -1.4658E+000,  -6.2286E+000)     (  -1.7187E+002,  -1.2789E+002)     (   7.5740E-004,  -6.3729E-004)
(   8.2147E+001,   1.9567E+002)     (  -1.5514E+000,  -5.2018E+000)     (  -5.1136E-004,   1.3239E-003)
(   9.3872E-004,   5.9913E-005)     (  -7.9396E-004,   1.0396E-003)     (   9.6190E-008,  -1.1691E-007)
 
%%%%%%%%%%%%%%%%%%%%%%%%%%%%%%%%%%%%%%%%%%%%%%%%%%%%%%%%%%%%%%%%%%%%%%%%%%%%%%%%%%%%%%%%%%%%%%%%%%%%

 
total Raman tensor:
 
Raman band +003+001 =    19.9432 cm-1
(   0.0000E+000,   0.0000E+000)     (   0.0000E+000,   0.0000E+000)     (   0.0000E+000,   0.0000E+000)
(   0.0000E+000,   0.0000E+000)     (   0.0000E+000,   0.0000E+000)     (   0.0000E+000,   0.0000E+000)
(   0.0000E+000,   0.0000E+000)     (   0.0000E+000,   0.0000E+000)     (   0.0000E+000,   0.0000E+000)
 
Raman band -003-001 =   -19.9432 cm-1
(   0.0000E+000,   0.0000E+000)     (   0.0000E+000,   0.0000E+000)     (   0.0000E+000,   0.0000E+000)
(   0.0000E+000,   0.0000E+000)     (   0.0000E+000,   0.0000E+000)     (   0.0000E+000,   0.0000E+000)
(   0.0000E+000,   0.0000E+000)     (   0.0000E+000,   0.0000E+000)     (   0.0000E+000,   0.0000E+000)
 
Raman band +003-001 =    20.2782 cm-1
(   0.0000E+000,   0.0000E+000)     (   0.0000E+000,   0.0000E+000)     (   0.0000E+000,   0.0000E+000)
(   0.0000E+000,   0.0000E+000)     (   0.0000E+000,   0.0000E+000)     (   0.0000E+000,   0.0000E+000)
(   0.0000E+000,   0.0000E+000)     (   0.0000E+000,   0.0000E+000)     (   0.0000E+000,   0.0000E+000)
 
Raman band -003+001 =   -20.2782 cm-1
(   0.0000E+000,   0.0000E+000)     (   0.0000E+000,   0.0000E+000)     (   0.0000E+000,   0.0000E+000)
(   0.0000E+000,   0.0000E+000)     (   0.0000E+000,   0.0000E+000)     (   0.0000E+000,   0.0000E+000)
(   0.0000E+000,   0.0000E+000)     (   0.0000E+000,   0.0000E+000)     (   0.0000E+000,   0.0000E+000)
 
%%%%%%%%%%%%%%%%%%%%%%%%%%%%%%%%%%%%%%%%%%%%%%%%%%%%%%%%%%%%%%%%%%%%%%%%%%%%%%%%%%%%%%%%%%%%%%%%%%%%

 
total Raman tensor:
 
Raman band +003+002 =    32.4138 cm-1
(   1.1121E-001,  -7.2226E-002)     (   9.2718E-001,  -4.0080E+000)     (   1.4543E-006,  -1.2070E-005)
(   1.9246E+001,  -2.4808E+000)     (   1.6868E-001,  -4.2536E-002)     (  -2.1323E-005,   2.6910E-005)
(   2.0026E-005,  -2.6248E-005)     (  -2.6314E-005,   3.2939E-005)     (  -1.8133E-009,  -3.2369E-010)
 
Raman band -003-002 =   -32.4138 cm-1
(   1.1478E-001,  -7.3773E-002)     (   7.7376E-001,  -4.2878E+000)     (   1.7071E-006,  -1.0684E-005)
(   2.0372E+001,  -1.2964E+000)     (   1.7343E-001,  -3.8038E-002)     (  -2.1905E-005,   2.6361E-005)
(   2.2031E-005,  -2.4009E-005)     (  -2.9841E-005,   3.1235E-005)     (  -1.7967E-009,  -2.7925E-010)
 
Raman band +003-002 =     7.8077 cm-1
(   1.1199E-001,  -7.2485E-002)     (   9.0427E-001,  -4.0495E+000)     (   1.7020E-006,  -1.1601E-005)
(   1.9491E+001,  -2.2186E+000)     (   1.6978E-001,  -4.1460E-002)     (  -2.1689E-005,   2.6675E-005)
(   2.0273E-005,  -2.5841E-005)     (  -2.6875E-005,   3.2657E-005)     (  -1.8048E-009,  -3.2445E-010)
 
Raman band -003+002 =    -7.8077 cm-1
(   1.1393E-001,  -7.3485E-002)     (   7.9608E-001,  -4.2366E+000)     (   1.4906E-006,  -1.1229E-005)
(   2.0138E+001,  -1.5986E+000)     (   1.7237E-001,  -3.9196E-002)     (  -2.1551E-005,   2.6638E-005)
(   2.1822E-005,  -2.4462E-005)     (  -2.9273E-005,   3.1587E-005)     (  -1.8057E-009,  -2.7957E-010)
 
%%%%%%%%%%%%%%%%%%%%%%%%%%%%%%%%%%%%%%%%%%%%%%%%%%%%%%%%%%%%%%%%%%%%%%%%%%%%%%%%%%%%%%%%%%%%%%%%%%%%

 
total Raman tensor:
 
Raman band +003+003 =    40.2215 cm-1
(  -9.4654E+002,   7.7868E+002)     (   1.1031E-001,  -2.6176E-001)     (  -1.0347E-003,   7.4601E-004)
(   1.7365E-001,  -4.3180E-003)     (  -9.6124E+002,   7.8201E+002)     (   1.4951E-003,  -1.1761E-003)
(  -9.2438E-004,   7.4509E-004)     (   1.5627E-003,  -1.1662E-003)     (   2.3644E-007,   1.7867E-007)
 
Raman band -003-003 =   -40.2215 cm-1
(  -1.0371E+003,   7.0767E+002)     (   1.3933E-001,  -2.7130E-001)     (  -1.1590E-003,   7.4162E-004)
(   1.8058E-001,   9.6157E-003)     (  -1.0533E+003,   7.0949E+002)     (   1.6817E-003,  -1.1801E-003)
(  -1.0407E-003,   7.3999E-004)     (   1.7521E-003,  -1.1586E-003)     (   2.3905E-007,   1.8589E-007)
 
Raman band +003-003 =     0.0000 cm-1
(  -9.7741E+002,   7.5684E+002)     (   1.1971E-001,  -2.6525E-001)     (  -1.0741E-003,   7.4323E-004)
(   1.7603E-001,   1.9993E-004)     (  -9.9259E+002,   7.5971E+002)     (   1.5553E-003,  -1.1797E-003)
(  -9.6278E-004,   7.4743E-004)     (   1.6237E-003,  -1.1657E-003)     (   2.3746E-007,   1.8109E-007)
 
Raman band -003+003 =     0.0000 cm-1
(  -1.0076E+003,   7.3339E+002)     (   1.2907E-001,  -2.6843E-001)     (  -1.1168E-003,   7.4565E-004)
(   1.7851E-001,   4.7449E-003)     (  -1.0234E+003,   7.3575E+002)     (   1.6181E-003,  -1.1816E-003)
(  -1.0005E-003,   7.4181E-004)     (   1.6871E-003,  -1.1621E-003)     (   2.3839E-007,   1.8351E-007)
 
%%%%%%%%%%%%%%%%%%%%%%%%%%%%%%%%%%%%%%%%%%%%%%%%%%%%%%%%%%%%%%%%%%%%%%%%%%%%%%%%%%%%%%%%%%%%%%%%%%%%

 
total Raman tensor:
 
Raman band +003+004 =   828.7439 cm-1
(  -2.4857E-002,   7.2008E-002)     (   1.9685E-002,  -7.9186E-003)     (  -1.4633E-007,  -3.9752E-007)
(   3.7893E-003,  -1.1860E-002)     (  -3.0262E-002,   7.7968E-003)     (  -1.3947E-006,  -1.6482E-007)
(  -1.4371E-007,  -3.9020E-007)     (  -1.8050E-006,  -6.6777E-007)     (   5.1177E-012,   9.4941E-012)
 
Raman band -003-004 =  -828.7439 cm-1
(  -1.6423E-001,   2.7493E-002)     (   3.6976E-002,   1.4070E-002)     (  -8.7889E-007,  -6.1456E-007)
(   3.6341E-002,  -3.9167E-004)     (  -6.2784E-002,  -6.1445E-002)     (  -2.5029E-006,  -1.8883E-006)
(   3.4156E-007,   3.4044E-007)     (  -1.5349E-006,  -2.0907E-006)     (  -3.5973E-012,   3.1354E-011)
 
Raman band +003-004 =  -788.5224 cm-1
(  -1.5994E-001,   3.6988E-002)     (   3.6250E-002,   1.2199E-002)     (  -8.2663E-007,  -5.4960E-007)
(   3.4887E-002,  -2.8856E-003)     (  -6.6139E-002,  -5.5011E-002)     (  -2.4808E-006,  -1.7384E-006)
(   3.5341E-007,   2.4423E-007)     (  -1.5765E-006,  -2.0505E-006)     (  -1.9406E-012,   3.0125E-011)
 
Raman band -003+004 =   788.5224 cm-1
(  -2.9076E-002,   7.3312E-002)     (   2.0692E-002,  -7.6135E-003)     (  -1.5925E-007,  -3.9383E-007)
(   4.5223E-003,  -1.2347E-002)     (  -3.2625E-002,   6.3994E-003)     (  -1.4485E-006,  -1.8551E-007)
(  -1.2687E-007,  -4.0158E-007)     (  -1.8339E-006,  -7.2481E-007)     (   5.3343E-012,   9.8557E-012)
 
%%%%%%%%%%%%%%%%%%%%%%%%%%%%%%%%%%%%%%%%%%%%%%%%%%%%%%%%%%%%%%%%%%%%%%%%%%%%%%%%%%%%%%%%%%%%%%%%%%%%

 
total Raman tensor:
 
Raman band +003+005 =  1367.2638 cm-1
(  -8.6394E-001,   2.5667E-001)     (  -1.4566E+002,  -3.3824E+002)     (   7.4792E-005,  -6.8115E-004)
(   2.8192E+001,  -2.1444E+002)     (  -5.4883E-001,   1.6615E-001)     (   6.6535E-006,   5.5294E-004)
(  -3.3839E-004,  -6.8257E-004)     (  -1.0920E-004,   5.0229E-004)     (   6.7809E-008,   2.2114E-008)
 
Raman band -003-005 = -1367.2638 cm-1
(  -7.8520E-001,  -1.7841E+000)     (   2.5793E+002,  -4.8135E+002)     (   6.8914E-004,  -1.3426E-004)
(   8.8732E+001,  -2.5193E+002)     (  -7.4190E-001,  -8.7200E-001)     (  -1.5099E-003,   1.6597E-004)
(   4.4266E-004,  -1.0689E-003)     (  -1.2375E-003,  -3.1767E-004)     (   1.0713E-007,   6.1141E-008)
 
Raman band +003-005 = -1327.0423 cm-1
(  -8.7155E-001,  -1.7309E+000)     (   2.4773E+002,  -4.8904E+002)     (   7.0036E-004,  -2.0173E-004)
(   8.5797E+001,  -2.5103E+002)     (  -7.7453E-001,  -8.3627E-001)     (  -1.4814E-003,   2.6272E-004)
(   4.0719E-004,  -1.0535E-003)     (  -1.2140E-003,  -2.6318E-004)     (   1.0682E-007,   5.8390E-008)
 
Raman band -003+005 =  1327.0423 cm-1
(  -9.0170E-001,   2.4008E-001)     (  -1.4328E+002,  -3.4950E+002)     (   6.8757E-005,  -7.1439E-004)
(   3.1110E+001,  -2.1702E+002)     (  -5.6950E-001,   1.5901E-001)     (   2.8040E-006,   5.7490E-004)
(  -3.6642E-004,  -7.1641E-004)     (  -1.1576E-004,   5.1820E-004)     (   7.7499E-008,   2.7534E-008)
 
%%%%%%%%%%%%%%%%%%%%%%%%%%%%%%%%%%%%%%%%%%%%%%%%%%%%%%%%%%%%%%%%%%%%%%%%%%%%%%%%%%%%%%%%%%%%%%%%%%%%

 
total Raman tensor:
 
Raman band +003+006 =  1400.6319 cm-1
(  -2.5488E+004,  -1.7519E+004)     (   2.0142E+000,   2.3292E+000)     (  -1.6770E-002,  -1.7591E-002)
(   2.3194E-001,   2.7782E+000)     (  -2.5587E+004,  -1.7196E+004)     (   2.5553E-002,   2.7487E-002)
(  -1.5534E-002,  -1.6296E-002)     (   2.6618E-002,   2.7833E-002)     (  -5.6741E-006,   4.7627E-006)
 
Raman band -003-006 = -1400.6319 cm-1
(   1.9085E+004,  -3.2454E+004)     (  -7.7343E+000,   5.0933E+000)     (   5.9347E-002,  -6.4394E-002)
(  -6.8179E+000,  -4.1478E-001)     (   1.8962E+004,  -3.2131E+004)     (  -9.0465E-002,   1.0797E-001)
(   5.7198E-002,  -6.1098E-002)     (  -9.2004E-002,   1.0818E-001)     (  -1.2765E-005,   6.5670E-006)
 
Raman band +003-006 = -1360.4104 cm-1
(   1.7851E+004,  -3.3647E+004)     (  -7.3234E+000,   5.4457E+000)     (   5.5021E-002,  -6.5692E-002)
(  -6.7674E+000,  -5.2011E-002)     (   1.7724E+004,  -3.3332E+004)     (  -8.3194E-002,   1.0976E-001)
(   5.2614E-002,  -6.2614E-002)     (  -8.4483E-002,   1.1015E-001)     (  -1.2603E-005,   6.6062E-006)
 
Raman band -003+006 =  1360.4104 cm-1
(  -2.5475E+004,  -1.8835E+004)     (   2.0034E+000,   2.5024E+000)     (  -1.6609E-002,  -1.9420E-002)
(   1.3233E-001,   2.9000E+000)     (  -2.5583E+004,  -1.8510E+004)     (   2.5368E-002,   3.0468E-002)
(  -1.5393E-002,  -1.8080E-002)     (   2.6384E-002,   3.0781E-002)     (  -6.0995E-006,   5.2481E-006)
 
%%%%%%%%%%%%%%%%%%%%%%%%%%%%%%%%%%%%%%%%%%%%%%%%%%%%%%%%%%%%%%%%%%%%%%%%%%%%%%%%%%%%%%%%%%%%%%%%%%%%

 
total Raman tensor:
 
Raman band +004+001 =   808.4657 cm-1
(   0.0000E+000,   0.0000E+000)     (   0.0000E+000,   0.0000E+000)     (   0.0000E+000,   0.0000E+000)
(   0.0000E+000,   0.0000E+000)     (   0.0000E+000,   0.0000E+000)     (   0.0000E+000,   0.0000E+000)
(   0.0000E+000,   0.0000E+000)     (   0.0000E+000,   0.0000E+000)     (   0.0000E+000,   0.0000E+000)
 
Raman band -004-001 =  -808.4657 cm-1
(   0.0000E+000,   0.0000E+000)     (   0.0000E+000,   0.0000E+000)     (   0.0000E+000,   0.0000E+000)
(   0.0000E+000,   0.0000E+000)     (   0.0000E+000,   0.0000E+000)     (   0.0000E+000,   0.0000E+000)
(   0.0000E+000,   0.0000E+000)     (   0.0000E+000,   0.0000E+000)     (   0.0000E+000,   0.0000E+000)
 
Raman band +004-001 =   808.8007 cm-1
(   0.0000E+000,   0.0000E+000)     (   0.0000E+000,   0.0000E+000)     (   0.0000E+000,   0.0000E+000)
(   0.0000E+000,   0.0000E+000)     (   0.0000E+000,   0.0000E+000)     (   0.0000E+000,   0.0000E+000)
(   0.0000E+000,   0.0000E+000)     (   0.0000E+000,   0.0000E+000)     (   0.0000E+000,   0.0000E+000)
 
Raman band -004+001 =  -808.8007 cm-1
(   0.0000E+000,   0.0000E+000)     (   0.0000E+000,   0.0000E+000)     (   0.0000E+000,   0.0000E+000)
(   0.0000E+000,   0.0000E+000)     (   0.0000E+000,   0.0000E+000)     (   0.0000E+000,   0.0000E+000)
(   0.0000E+000,   0.0000E+000)     (   0.0000E+000,   0.0000E+000)     (   0.0000E+000,   0.0000E+000)
 
%%%%%%%%%%%%%%%%%%%%%%%%%%%%%%%%%%%%%%%%%%%%%%%%%%%%%%%%%%%%%%%%%%%%%%%%%%%%%%%%%%%%%%%%%%%%%%%%%%%%

 
total Raman tensor:
 
Raman band +004+002 =   820.9363 cm-1
(  -1.3987E-003,   3.0537E-003)     (   2.2330E-002,   9.2061E-003)     (   4.6488E-008,   1.1021E-007)
(  -1.8975E-002,  -1.1230E-002)     (  -4.2740E-004,   1.5468E-003)     (   2.1528E-009,  -3.0950E-008)
(  -5.0422E-008,  -6.5901E-008)     (   6.3350E-008,   9.8675E-009)     (   3.6274E-012,  -1.1245E-012)
 
Raman band -004-002 =  -820.9363 cm-1
(  -2.7416E-003,  -7.2250E-003)     (  -4.3082E-002,   5.0361E-003)     (   6.2044E-008,   2.5599E-007)
(   3.6812E-002,   8.2324E-003)     (  -4.6256E-004,   4.4404E-004)     (   1.0858E-007,  -8.7440E-008)
(  -2.5239E-007,  -1.0452E-007)     (   1.0944E-007,   6.8918E-008)     (   6.5973E-012,  -5.9940E-013)
 
Raman band +004-002 =   796.3301 cm-1
(  -1.4275E-003,   3.0741E-003)     (   2.2497E-002,   9.5008E-003)     (   4.6620E-008,   1.1043E-007)
(  -1.9085E-002,  -1.1524E-002)     (  -4.3572E-004,   1.5578E-003)     (   2.1389E-009,  -3.1102E-008)
(  -5.0193E-008,  -6.6015E-008)     (   6.3804E-008,   1.0236E-008)     (   3.6592E-012,  -1.1265E-012)
 
Raman band -004+002 =  -796.3301 cm-1
(  -2.9872E-003,  -7.1519E-003)     (  -4.3492E-002,   6.2529E-003)     (   6.4931E-008,   2.5384E-007)
(   3.7591E-002,   7.1516E-003)     (  -5.0273E-004,   4.1833E-004)     (   1.0770E-007,  -8.8404E-008)
(  -2.5177E-007,  -1.0176E-007)     (   1.0800E-007,   6.8131E-008)     (   6.5944E-012,  -6.0054E-013)
 
%%%%%%%%%%%%%%%%%%%%%%%%%%%%%%%%%%%%%%%%%%%%%%%%%%%%%%%%%%%%%%%%%%%%%%%%%%%%%%%%%%%%%%%%%%%%%%%%%%%%

 
total Raman tensor:
 
Raman band +004+003 =   828.7439 cm-1
(  -4.5187E-002,  -6.7238E-003)     (   2.1195E-003,  -3.8250E-003)     (  -6.0738E-007,  -5.9729E-007)
(  -7.8455E-003,  -1.1890E-002)     (  -1.9411E-002,  -4.1259E-002)     (   7.9396E-007,  -9.3456E-007)
(  -6.4858E-007,  -3.9855E-007)     (   7.2422E-007,  -7.9507E-007)     (   1.9039E-013,  -2.4237E-012)
 
Raman band -004-003 =  -828.7439 cm-1
(   1.9407E-001,  -1.0729E-001)     (   1.9449E-002,  -3.8120E-003)     (  -9.1624E-007,  -4.3309E-006)
(   4.5314E-002,  -1.9806E-003)     (   3.4717E-001,   3.8569E-002)     (   1.2502E-006,   2.6534E-007)
(   7.5995E-007,  -1.2970E-006)     (   3.0751E-006,   2.3304E-006)     (   2.1099E-011,  -5.1243E-011)
 
Raman band +004-003 =   788.5224 cm-1
(  -4.6167E-002,  -7.4741E-003)     (   2.2176E-003,  -3.8270E-003)     (  -6.1386E-007,  -6.0463E-007)
(  -7.8980E-003,  -1.2241E-002)     (  -1.9512E-002,  -4.2514E-002)     (   8.1366E-007,  -9.4111E-007)
(  -6.5686E-007,  -4.1032E-007)     (   7.4206E-007,  -8.0309E-007)     (   4.1253E-013,  -2.3244E-012)
 
Raman band -004+003 =  -788.5224 cm-1
(   1.9096E-001,  -1.1267E-001)     (   1.8831E-002,  -4.2590E-003)     (  -9.9120E-007,  -4.2168E-006)
(   4.5320E-002,  -3.5825E-003)     (   3.4679E-001,   2.6896E-002)     (   1.2576E-006,   2.8861E-007)
(   7.4722E-007,  -1.3401E-006)     (   3.1297E-006,   2.2303E-006)     (   1.9255E-011,  -5.0431E-011)
 
%%%%%%%%%%%%%%%%%%%%%%%%%%%%%%%%%%%%%%%%%%%%%%%%%%%%%%%%%%%%%%%%%%%%%%%%%%%%%%%%%%%%%%%%%%%%%%%%%%%%

 
total Raman tensor:
 
Raman band +004+004 =  1617.2663 cm-1
(   1.4585E-004,   8.9253E-004)     (   4.4923E-006,   2.3846E-007)     (  -2.5547E-010,   4.5091E-010)
(   2.1667E-006,  -3.3761E-006)     (   1.3757E-004,   8.9822E-004)     (   7.1141E-010,  -5.5825E-010)
(  -1.4486E-010,   2.7153E-010)     (   6.7821E-010,  -1.8641E-011)     (   2.0628E-013,   1.2345E-013)
 
Raman band -004-004 = -1617.2663 cm-1
(  -9.1736E-004,  -7.8382E-004)     (   4.1463E-006,  -1.5561E-006)     (  -2.4101E-009,  -2.2919E-009)
(  -3.4254E-005,   6.0275E-005)     (  -9.4176E-004,  -9.1962E-004)     (   4.6981E-009,   4.9591E-009)
(  -2.1743E-009,  -4.8481E-009)     (   2.6961E-009,   9.4762E-009)     (   4.3165E-013,   6.5558E-013)
 
Raman band +004-004 =     0.0000 cm-1
(  -5.8998E-004,   1.5250E-003)     (   6.7577E-006,   4.9927E-007)     (  -1.0091E-009,   7.2480E-010)
(   5.6660E-006,  -1.0372E-005)     (  -6.0986E-004,   1.5411E-003)     (   1.9800E-009,  -1.0706E-009)
(  -8.8133E-010,   5.6302E-010)     (   1.9919E-009,   1.2135E-011)     (   3.4965E-013,   2.3267E-013)
 
Raman band -004+004 =     0.0000 cm-1
(  -2.0485E-003,   3.7320E-004)     (   4.4990E-006,  -7.2701E-006)     (  -2.3886E-009,  -1.7911E-010)
(   4.2503E-005,   1.6650E-005)     (  -2.1312E-003,   3.7533E-004)     (   4.5424E-009,   6.9908E-010)
(  -2.8659E-009,  -6.4733E-010)     (   4.6617E-009,   2.7036E-009)     (   4.5947E-013,   4.0970E-013)
 
%%%%%%%%%%%%%%%%%%%%%%%%%%%%%%%%%%%%%%%%%%%%%%%%%%%%%%%%%%%%%%%%%%%%%%%%%%%%%%%%%%%%%%%%%%%%%%%%%%%%

 
total Raman tensor:
 
Raman band +004+005 =  2155.7862 cm-1
(  -6.7618E-003,   5.3120E-002)     (   1.0878E-001,   8.5565E-002)     (   1.8282E-006,  -1.5451E-006)
(  -7.4029E-002,  -1.1567E-001)     (   2.0478E-003,   1.5842E-002)     (   9.6633E-008,  -5.0617E-007)
(  -1.6583E-006,   2.1736E-006)     (   3.0284E-007,  -6.2152E-007)     (  -5.0227E-011,   2.8400E-011)
 
Raman band -004-005 = -2155.7862 cm-1
(  -6.4308E-002,  -2.2274E-001)     (  -4.6782E-001,  -1.0605E+000)     (   7.0717E-006,   5.2582E-006)
(   4.9174E-002,   1.3350E+000)     (  -4.7430E-002,  -3.1761E-002)     (  -1.6669E-006,   4.6511E-006)
(  -1.0966E-005,   1.5242E-006)     (   4.9601E-006,   6.1932E-007)     (  -2.5112E-010,  -1.1598E-010)
 
Raman band +004-005 =  -538.5199 cm-1
(  -1.0639E-001,   1.1002E-001)     (  -1.5040E-001,   5.7824E-001)     (   6.1168E-006,  -3.9446E-006)
(   3.1883E-001,  -5.6080E-001)     (  -1.6148E-002,   4.3206E-002)     (   5.3078E-007,  -6.9910E-007)
(  -5.7962E-006,   6.2159E-006)     (   7.7477E-007,  -1.0060E-006)     (  -1.0926E-010,  -5.7298E-011)
 
Raman band -004+005 =   538.5199 cm-1
(  -1.5768E-001,   8.7634E-002)     (  -4.7863E-001,   5.7220E-001)     (   8.1968E-006,  -3.9305E-006)
(   6.4454E-001,  -4.7117E-001)     (  -3.0156E-002,   3.9355E-002)     (   1.2036E-006,  -3.7796E-007)
(  -7.7749E-006,   6.7191E-006)     (   7.3254E-007,  -1.2387E-006)     (  -1.3238E-010,  -7.4372E-011)
 
%%%%%%%%%%%%%%%%%%%%%%%%%%%%%%%%%%%%%%%%%%%%%%%%%%%%%%%%%%%%%%%%%%%%%%%%%%%%%%%%%%%%%%%%%%%%%%%%%%%%

 
total Raman tensor:
 
Raman band +004+006 =  2189.1544 cm-1
(   1.1318E-001,  -1.1108E+000)     (   2.6440E-001,   5.8011E-002)     (   1.5564E-005,  -1.4295E-005)
(   1.9816E-001,  -5.1290E-003)     (   7.9392E-001,  -3.8527E-001)     (   2.1971E-005,   2.2364E-005)
(   1.7988E-005,  -1.2290E-005)     (   2.1573E-005,   2.1373E-005)     (   7.3012E-011,  -5.3382E-012)
 
Raman band -004-006 = -2189.1544 cm-1
(  -3.7699E+000,   7.1083E+000)     (  -1.1888E+000,  -3.0242E-001)     (   9.6653E-005,   2.1950E-004)
(  -9.2857E-001,   8.8610E-001)     (  -1.2164E+001,   3.4127E+000)     (  -7.1381E-005,   8.9913E-005)
(   6.3013E-005,   4.2086E-005)     (  -1.1786E-004,  -1.9743E-005)     (  -6.9169E-010,   3.2098E-009)
 
Raman band +004-006 =  -571.8880 cm-1
(   3.9105E+000,  -1.0508E+000)     (   3.6968E-001,   7.1176E-001)     (   6.0603E-005,  -2.6534E-005)
(   6.0355E-001,   2.9319E-001)     (   3.9734E+000,   2.7125E+000)     (   6.2221E-006,   6.3327E-005)
(   5.0273E-005,  -7.2795E-006)     (   2.9192E-006,   8.4823E-005)     (   4.6844E-010,  -1.3202E-011)
 
Raman band -004+006 =   571.8880 cm-1
(   5.4027E+000,   1.9898E+000)     (   1.5124E-001,   1.0397E+000)     (   8.4870E-005,  -2.3738E-005)
(   6.3060E-001,   3.9089E-001)     (   4.4723E+000,   6.3432E+000)     (  -5.6765E-006,   5.9742E-005)
(   5.5471E-005,   4.2378E-006)     (  -2.3314E-005,   9.1753E-005)     (   7.4745E-010,   1.8314E-010)
 
%%%%%%%%%%%%%%%%%%%%%%%%%%%%%%%%%%%%%%%%%%%%%%%%%%%%%%%%%%%%%%%%%%%%%%%%%%%%%%%%%%%%%%%%%%%%%%%%%%%%

 
total Raman tensor:
 
Raman band +005+001 =  1346.9855 cm-1
(   0.0000E+000,   0.0000E+000)     (   0.0000E+000,   0.0000E+000)     (   0.0000E+000,   0.0000E+000)
(   0.0000E+000,   0.0000E+000)     (   0.0000E+000,   0.0000E+000)     (   0.0000E+000,   0.0000E+000)
(   0.0000E+000,   0.0000E+000)     (   0.0000E+000,   0.0000E+000)     (   0.0000E+000,   0.0000E+000)
 
Raman band -005-001 = -1346.9855 cm-1
(   0.0000E+000,   0.0000E+000)     (   0.0000E+000,   0.0000E+000)     (   0.0000E+000,   0.0000E+000)
(   0.0000E+000,   0.0000E+000)     (   0.0000E+000,   0.0000E+000)     (   0.0000E+000,   0.0000E+000)
(   0.0000E+000,   0.0000E+000)     (   0.0000E+000,   0.0000E+000)     (   0.0000E+000,   0.0000E+000)
 
Raman band +005-001 =  1347.3205 cm-1
(   0.0000E+000,   0.0000E+000)     (   0.0000E+000,   0.0000E+000)     (   0.0000E+000,   0.0000E+000)
(   0.0000E+000,   0.0000E+000)     (   0.0000E+000,   0.0000E+000)     (   0.0000E+000,   0.0000E+000)
(   0.0000E+000,   0.0000E+000)     (   0.0000E+000,   0.0000E+000)     (   0.0000E+000,   0.0000E+000)
 
Raman band -005+001 = -1347.3205 cm-1
(   0.0000E+000,   0.0000E+000)     (   0.0000E+000,   0.0000E+000)     (   0.0000E+000,   0.0000E+000)
(   0.0000E+000,   0.0000E+000)     (   0.0000E+000,   0.0000E+000)     (   0.0000E+000,   0.0000E+000)
(   0.0000E+000,   0.0000E+000)     (   0.0000E+000,   0.0000E+000)     (   0.0000E+000,   0.0000E+000)
 
%%%%%%%%%%%%%%%%%%%%%%%%%%%%%%%%%%%%%%%%%%%%%%%%%%%%%%%%%%%%%%%%%%%%%%%%%%%%%%%%%%%%%%%%%%%%%%%%%%%%

 
total Raman tensor:
 
Raman band +005+002 =  1359.4561 cm-1
(  -1.3798E+001,   3.0226E+001)     (  -6.7753E-003,   9.7637E-002)     (   5.6407E-005,  -7.9563E-006)
(  -3.8942E-002,   7.2227E-002)     (  -5.0428E+000,   1.4784E+001)     (  -2.5533E-005,  -5.2136E-005)
(   2.6123E-005,  -3.5279E-005)     (  -8.3206E-007,  -3.1357E-005)     (  -2.2494E-008,   5.0836E-008)
 
Raman band -005-002 = -1359.4561 cm-1
(  -1.3584E+001,  -1.7020E+001)     (  -2.6758E-001,   2.1773E-001)     (   3.9655E-004,  -1.2194E-004)
(  -1.7858E-001,   1.7710E-001)     (   2.5634E+001,  -4.5714E+001)     (  -2.1287E-004,   1.6612E-004)
(   3.7744E-004,  -1.6033E-004)     (  -2.4496E-004,   1.1036E-004)     (  -9.6353E-008,   1.6457E-007)
 
Raman band +005-002 =  1334.8500 cm-1
(  -1.4047E+001,   3.0626E+001)     (  -6.9777E-003,   9.8694E-002)     (   6.9145E-005,  -7.2178E-006)
(  -3.9318E-002,   7.3034E-002)     (  -5.1636E+000,   1.4982E+001)     (  -3.2901E-005,  -5.2969E-005)
(   1.7682E-005,  -4.4165E-005)     (   3.1700E-006,  -2.6338E-005)     (  -2.3245E-008,   5.2271E-008)
 
Raman band -005+002 = -1334.8500 cm-1
(  -1.4808E+001,  -1.8182E+001)     (  -2.6669E-001,   2.1914E-001)     (   3.9254E-004,  -1.2776E-004)
(  -1.7740E-001,   1.7699E-001)     (   2.4453E+001,  -4.6747E+001)     (  -2.0735E-004,   1.7118E-004)
(   3.7263E-004,  -1.6567E-004)     (  -2.4041E-004,   1.1677E-004)     (  -9.5871E-008,   1.6365E-007)
 
%%%%%%%%%%%%%%%%%%%%%%%%%%%%%%%%%%%%%%%%%%%%%%%%%%%%%%%%%%%%%%%%%%%%%%%%%%%%%%%%%%%%%%%%%%%%%%%%%%%%

 
total Raman tensor:
 
Raman band +005+003 =  1367.2638 cm-1
(   2.4978E-001,   4.2224E-002)     (  -2.4298E+002,  -7.8735E+001)     (  -3.1843E-004,  -4.5782E-004)
(  -1.1106E+002,  -1.2981E+002)     (   1.7979E-001,  -8.8364E-002)     (   2.6775E-004,   2.8738E-004)
(  -5.4039E-004,  -1.5477E-004)     (   1.8326E-004,   1.6456E-004)     (   4.4757E-008,   1.0131E-010)
 
Raman band -005-003 = -1367.2638 cm-1
(  -8.9353E-001,  -1.1680E+000)     (   1.4992E+002,  -5.2120E+002)     (   1.1091E-003,   5.0621E-004)
(  -9.6431E+000,  -3.1504E+002)     (  -4.2172E-001,  -4.7924E-001)     (  -2.5707E-003,  -2.9571E-004)
(   4.8245E-004,  -2.1342E-003)     (  -2.2810E-003,  -1.2631E-003)     (   1.0412E-007,   8.8159E-008)
 
Raman band +005-003 =  1327.0423 cm-1
(   2.5166E-001,   4.5936E-002)     (  -2.4605E+002,  -8.0715E+001)     (  -3.2688E-004,  -5.2043E-004)
(  -1.1169E+002,  -1.3144E+002)     (   1.8194E-001,  -8.7806E-002)     (   2.7193E-004,   3.2324E-004)
(  -5.6719E-004,  -1.0483E-004)     (   1.9159E-004,   1.3841E-004)     (   4.9241E-008,   5.4912E-010)
 
Raman band -005+003 = -1327.0423 cm-1
(  -9.2478E-001,  -1.1367E+000)     (   1.4714E+002,  -5.2527E+002)     (   1.1290E-003,   4.7477E-004)
(  -1.1607E+001,  -3.1414E+002)     (  -4.3376E-001,  -4.5877E-001)     (  -2.5556E-003,  -2.0012E-004)
(   4.3810E-004,  -2.1493E-003)     (  -2.2963E-003,  -1.1767E-003)     (   1.0814E-007,   8.6375E-008)
 
%%%%%%%%%%%%%%%%%%%%%%%%%%%%%%%%%%%%%%%%%%%%%%%%%%%%%%%%%%%%%%%%%%%%%%%%%%%%%%%%%%%%%%%%%%%%%%%%%%%%

 
total Raman tensor:
 
Raman band +005+004 =  2155.7862 cm-1
(  -3.3113E-003,   2.7874E-002)     (   8.2762E-002,  -4.2834E-004)     (   6.7253E-007,  -2.2121E-006)
(  -1.0413E-001,  -3.8134E-002)     (  -3.3803E-003,   8.9234E-003)     (  -5.5858E-007,   4.9174E-007)
(  -2.5033E-007,   2.1648E-006)     (  -2.5517E-007,   3.7971E-007)     (  -1.8193E-011,  -5.1721E-011)
 
Raman band -005-004 = -2155.7862 cm-1
(   1.9178E-001,  -6.8156E-001)     (  -6.2421E-002,  -9.1294E-001)     (   9.5015E-006,   4.2189E-006)
(   4.7895E-001,   1.6356E+000)     (   6.2874E-002,  -2.4575E-001)     (  -6.6768E-006,  -7.5582E-007)
(   1.1656E-006,   4.8499E-006)     (   2.2248E-006,  -6.4217E-006)     (  -1.3555E-010,  -2.3420E-010)
 
Raman band +005-004 =   538.5199 cm-1
(  -2.1787E-002,   7.0912E-002)     (   1.7425E-001,   6.0455E-002)     (   1.3476E-006,  -4.3369E-006)
(  -2.1191E-001,  -1.5002E-001)     (  -1.0488E-002,   2.2368E-002)     (  -8.3756E-007,   7.8619E-007)
(  -6.1745E-007,   4.1115E-006)     (  -3.0039E-007,   3.3576E-007)     (  -5.5147E-011,  -3.8464E-011)
 
Raman band -005+004 =  -538.5199 cm-1
(  -3.8748E-001,  -3.0983E-001)     (  -1.0255E+000,  -3.7430E-002)     (   1.3794E-005,  -7.1855E-006)
(   1.6340E+000,  -5.6010E-002)     (  -1.3049E-001,  -1.0725E-001)     (  -2.1060E-006,   2.3914E-006)
(  -6.7812E-006,   5.0450E-006)     (  -4.9767E-006,  -2.0143E-006)     (  -1.8854E-010,  -1.2126E-010)
 
%%%%%%%%%%%%%%%%%%%%%%%%%%%%%%%%%%%%%%%%%%%%%%%%%%%%%%%%%%%%%%%%%%%%%%%%%%%%%%%%%%%%%%%%%%%%%%%%%%%%

 
total Raman tensor:
 
Raman band +005+005 =  2694.3061 cm-1
(   8.1105E+002,   7.9327E+002)     (  -2.8011E-002,  -6.6247E-002)     (   6.9905E-004,   9.6827E-004)
(   2.0094E-003,  -5.6183E-002)     (   5.5863E+002,   6.1803E+002)     (  -1.8192E-004,  -4.5531E-004)
(   9.9662E-004,   6.7970E-004)     (   3.9117E-005,  -6.0210E-004)     (   6.5739E-007,   3.3979E-007)
 
Raman band -005-005 = -2694.3061 cm-1
(  -1.2003E+003,   3.2199E+003)     (  -8.1737E-001,   1.8602E-001)     (   2.2886E-003,  -9.4740E-003)
(  -2.7482E-001,  -5.1756E-002)     (  -1.5843E+003,   1.3443E+003)     (  -1.5750E-002,   2.5874E-002)
(   1.5674E-004,  -8.6251E-003)     (  -1.8352E-002,   2.6192E-002)     (   6.7766E-006,   6.3341E-006)
 
Raman band +005-005 =     0.0000 cm-1
(   1.2677E+003,   2.1112E+003)     (   2.0790E-002,  -2.4712E-001)     (  -6.6936E-004,   6.7645E-004)
(   7.7711E-002,  -1.1446E-001)     (   7.1398E+002,   1.6404E+003)     (   2.0342E-003,  -4.6993E-004)
(  -6.4363E-004,   2.5716E-003)     (   3.1810E-003,  -1.9697E-003)     (   2.4611E-006,   1.2510E-006)
 
Raman band -005+005 =     0.0000 cm-1
(  -1.2290E+001,   3.6387E+003)     (   5.1993E-001,   2.0414E-001)     (  -8.4551E-003,  -1.3301E-003)
(   2.4640E-001,   1.1373E-001)     (  -8.3412E+002,   2.4342E+003)     (   1.3542E-002,   5.6883E-003)
(  -7.2543E-003,   6.1603E-004)     (   1.4650E-002,   7.2368E-003)     (   4.6562E-006,   3.0546E-006)
 
%%%%%%%%%%%%%%%%%%%%%%%%%%%%%%%%%%%%%%%%%%%%%%%%%%%%%%%%%%%%%%%%%%%%%%%%%%%%%%%%%%%%%%%%%%%%%%%%%%%%

 
total Raman tensor:
 
Raman band +005+006 =  2727.6742 cm-1
(   1.5077E+000,   3.6190E+000)     (   3.3125E+003,  -5.6063E+003)     (   1.0360E-002,  -5.5488E-003)
(   4.3296E+003,  -2.2814E+003)     (   3.5013E+000,   3.7342E+000)     (  -7.3543E-003,   5.5133E-003)
(   8.0671E-003,  -1.0235E-002)     (  -7.7855E-003,   3.7050E-003)     (   1.1004E-006,  -2.0507E-006)
 
Raman band -005-006 = -2727.6742 cm-1
(  -3.1858E+001,   5.1601E+001)     (   1.4371E+004,   1.0830E+004)     (  -3.6544E-002,  -2.6967E-002)
(   1.2864E+004,   5.7000E+003)     (  -1.2087E+001,   2.3905E+001)     (   9.7294E-002,   4.3638E-002)
(   3.0009E-002,   2.6613E-002)     (   9.9290E-002,   6.3652E-002)     (   5.3982E-006,   1.2721E-006)
 
Raman band +005-006 =   -33.3681 cm-1
(   9.4996E-002,   1.5802E+000)     (   1.2800E+004,  -1.0067E+004)     (   3.6838E-002,  -2.2582E-003)
(   8.2865E+003,  -1.7049E+003)     (   4.4834E+000,   7.6790E+000)     (  -2.7490E-002,  -1.5230E-005)
(   1.9383E-002,  -2.3991E-002)     (  -1.4690E-002,  -2.3150E-003)     (   1.3338E-009,   2.1532E-006)
 
Raman band -005+006 =    33.3681 cm-1
(   2.9448E+001,   1.2514E+001)     (   2.3669E+004,   2.4543E+003)     (   1.1493E-002,   4.2115E-002)
(   1.1529E+004,   1.0448E+003)     (   8.0695E+000,   1.5191E+001)     (  -1.8617E-002,  -4.8152E-002)
(   6.1307E-002,  -1.6299E-002)     (   9.5838E-004,  -5.9275E-002)     (  -1.3915E-006,   4.6326E-006)
 
%%%%%%%%%%%%%%%%%%%%%%%%%%%%%%%%%%%%%%%%%%%%%%%%%%%%%%%%%%%%%%%%%%%%%%%%%%%%%%%%%%%%%%%%%%%%%%%%%%%%

 
total Raman tensor:
 
Raman band +006+001 =  1380.3537 cm-1
(   0.0000E+000,   0.0000E+000)     (   0.0000E+000,   0.0000E+000)     (   0.0000E+000,   0.0000E+000)
(   0.0000E+000,   0.0000E+000)     (   0.0000E+000,   0.0000E+000)     (   0.0000E+000,   0.0000E+000)
(   0.0000E+000,   0.0000E+000)     (   0.0000E+000,   0.0000E+000)     (   0.0000E+000,   0.0000E+000)
 
Raman band -006-001 = -1380.3537 cm-1
(   0.0000E+000,   0.0000E+000)     (   0.0000E+000,   0.0000E+000)     (   0.0000E+000,   0.0000E+000)
(   0.0000E+000,   0.0000E+000)     (   0.0000E+000,   0.0000E+000)     (   0.0000E+000,   0.0000E+000)
(   0.0000E+000,   0.0000E+000)     (   0.0000E+000,   0.0000E+000)     (   0.0000E+000,   0.0000E+000)
 
Raman band +006-001 =  1380.6887 cm-1
(   0.0000E+000,   0.0000E+000)     (   0.0000E+000,   0.0000E+000)     (   0.0000E+000,   0.0000E+000)
(   0.0000E+000,   0.0000E+000)     (   0.0000E+000,   0.0000E+000)     (   0.0000E+000,   0.0000E+000)
(   0.0000E+000,   0.0000E+000)     (   0.0000E+000,   0.0000E+000)     (   0.0000E+000,   0.0000E+000)
 
Raman band -006+001 = -1380.6887 cm-1
(   0.0000E+000,   0.0000E+000)     (   0.0000E+000,   0.0000E+000)     (   0.0000E+000,   0.0000E+000)
(   0.0000E+000,   0.0000E+000)     (   0.0000E+000,   0.0000E+000)     (   0.0000E+000,   0.0000E+000)
(   0.0000E+000,   0.0000E+000)     (   0.0000E+000,   0.0000E+000)     (   0.0000E+000,   0.0000E+000)
 
%%%%%%%%%%%%%%%%%%%%%%%%%%%%%%%%%%%%%%%%%%%%%%%%%%%%%%%%%%%%%%%%%%%%%%%%%%%%%%%%%%%%%%%%%%%%%%%%%%%%

 
total Raman tensor:
 
Raman band +006+002 =  1392.8243 cm-1
(  -2.6386E+000,  -1.6547E+000)     (  -8.9486E+001,  -2.1357E+000)     (  -2.1822E-004,   5.4955E-004)
(  -1.7338E+002,  -1.1498E+002)     (  -2.7820E+000,  -2.1599E+000)     (   8.4181E-004,  -2.9074E-004)
(  -7.6107E-004,   1.9105E-004)     (   9.4769E-004,  -2.2730E-004)     (  -3.4668E-008,   5.2502E-008)
 
Raman band -006-002 = -1392.8243 cm-1
(   8.0497E-001,  -7.3455E+000)     (  -3.9795E+002,  -3.0453E+002)     (  -8.6753E-005,   6.4384E-003)
(   6.6437E+002,   3.9741E+002)     (   2.7576E+000,  -5.5470E+000)     (   3.6416E-004,  -1.0317E-003)
(  -5.0464E-004,   6.2320E-004)     (  -1.6152E-004,  -1.9493E-003)     (   4.1020E-009,   1.1235E-007)
 
Raman band +006-002 =  1368.2181 cm-1
(  -2.6653E+000,  -1.6688E+000)     (  -9.2083E+001,  -2.7414E+000)     (  -1.7062E-004,   3.8961E-004)
(  -1.7640E+002,  -1.1711E+002)     (  -2.8101E+000,  -2.1826E+000)     (   8.0518E-004,  -1.7771E-004)
(  -8.8053E-004,   3.2027E-004)     (   1.0112E-003,  -3.1355E-004)     (  -1.8010E-008,   6.3690E-008)
 
Raman band -006+002 = -1368.2181 cm-1
(   7.6356E-001,  -7.3861E+000)     (  -3.9838E+002,  -3.0334E+002)     (   3.5554E-005,   6.3708E-003)
(   6.7849E+002,   3.8459E+002)     (   2.7635E+000,  -5.5954E+000)     (   3.2721E-004,  -9.9855E-004)
(  -4.8903E-004,   6.0460E-004)     (  -2.2452E-004,  -1.9036E-003)     (   5.3474E-009,   1.1198E-007)
 
%%%%%%%%%%%%%%%%%%%%%%%%%%%%%%%%%%%%%%%%%%%%%%%%%%%%%%%%%%%%%%%%%%%%%%%%%%%%%%%%%%%%%%%%%%%%%%%%%%%%

 
total Raman tensor:
 
Raman band +006+003 =  1400.6319 cm-1
(   1.6689E+004,  -8.6775E+003)     (  -1.2577E+000,   1.0428E+000)     (   1.1472E-002,  -6.3561E-004)
(  -1.1381E+000,   1.7282E-001)     (   1.6966E+004,  -8.4849E+003)     (  -1.6242E-002,   1.4727E-003)
(   1.1518E-002,  -1.3344E-003)     (  -1.6361E-002,   1.0896E-003)     (   1.4003E-006,  -5.5454E-006)
 
Raman band -006-003 = -1400.6319 cm-1
(  -1.6888E+004,   1.8451E+004)     (   9.0321E+000,  -1.0479E+001)     (  -1.1900E-001,   8.1806E-002)
(   3.5821E+000,  -4.9817E+000)     (  -1.7941E+004,   1.8072E+004)     (   1.8894E-001,  -1.2232E-001)
(  -1.1476E-001,   7.8413E-002)     (   1.8896E-001,  -1.2099E-001)     (   1.0399E-005,  -1.2653E-005)
 
Raman band +006-003 =  1360.4104 cm-1
(   1.6984E+004,  -8.6831E+003)     (  -1.2969E+000,   1.0488E+000)     (   1.0860E-002,  -3.6507E-004)
(  -1.1535E+000,   1.5933E-001)     (   1.7264E+004,  -8.4874E+003)     (  -1.7027E-002,   9.0630E-004)
(   1.2523E-002,  -9.4626E-004)     (  -1.6118E-002,   5.2307E-004)     (   1.4362E-006,  -5.8125E-006)
 
Raman band -006+003 = -1360.4104 cm-1
(  -1.6954E+004,   1.8960E+004)     (   8.7554E+000,  -1.0727E+001)     (  -1.1618E-001,   8.4855E-002)
(   3.4739E+000,  -5.0202E+000)     (  -1.8025E+004,   1.8610E+004)     (   1.8437E-001,  -1.2730E-001)
(  -1.1197E-001,   8.1381E-002)     (   1.8447E-001,  -1.2596E-001)     (   1.0339E-005,  -1.2623E-005)
 
%%%%%%%%%%%%%%%%%%%%%%%%%%%%%%%%%%%%%%%%%%%%%%%%%%%%%%%%%%%%%%%%%%%%%%%%%%%%%%%%%%%%%%%%%%%%%%%%%%%%

 
total Raman tensor:
 
Raman band +006+004 =  2189.1544 cm-1
(   6.4852E-001,  -5.7747E-001)     (  -1.1202E-001,   4.4566E-003)     (  -4.5236E-006,   8.7082E-006)
(  -1.3795E-001,  -2.9922E-002)     (   1.6639E-001,  -1.2345E-001)     (   1.1733E-005,   2.1805E-005)
(  -7.5588E-006,   1.1281E-005)     (   8.2008E-006,   3.2400E-005)     (   6.6206E-011,  -7.9134E-011)
 
Raman band -006-004 = -2189.1544 cm-1
(  -7.7501E+000,   2.3614E+000)     (   3.6602E+000,   5.2968E-001)     (  -1.1619E-004,  -6.8376E-005)
(   2.6695E+000,   1.3418E+000)     (  -1.4244E+000,  -1.3307E+000)     (  -2.1449E-004,  -8.3444E-005)
(  -9.0470E-005,   1.6687E-004)     (  -2.3422E-004,   5.3866E-005)     (  -5.6858E-010,   2.7168E-009)
 
Raman band +006-004 =   571.8880 cm-1
(   1.7378E+000,  -9.0907E-001)     (  -2.8053E-001,  -3.2031E-002)     (  -1.2049E-005,   1.0179E-005)
(  -3.4111E-001,  -1.5074E-001)     (   5.5873E-001,  -2.1680E-001)     (   8.6307E-006,   3.4043E-005)
(  -8.3020E-006,   1.4361E-005)     (   8.6334E-006,   5.4936E-005)     (   8.7926E-011,  -4.3324E-010)
 
Raman band -006+004 =  -571.8880 cm-1
(  -1.0264E+000,   7.1465E+000)     (   1.2726E+000,  -2.2091E+000)     (  -6.8569E-005,   5.9716E-005)
(   1.7159E+000,  -1.4090E+000)     (  -2.1261E+000,   4.2801E-001)     (  -1.5893E-004,   1.0728E-004)
(   7.2793E-005,   3.1051E-005)     (  -1.0008E-004,   9.2518E-005)     (   1.8919E-009,   8.2803E-010)
 
%%%%%%%%%%%%%%%%%%%%%%%%%%%%%%%%%%%%%%%%%%%%%%%%%%%%%%%%%%%%%%%%%%%%%%%%%%%%%%%%%%%%%%%%%%%%%%%%%%%%

 
total Raman tensor:
 
Raman band +006+005 =  2727.6742 cm-1
(   7.0005E+000,   5.1928E+000)     (  -3.5495E+003,   5.3921E+003)     (  -1.1012E-002,   4.9323E-003)
(  -4.2775E+003,   2.0362E+003)     (   5.0840E+000,   4.9310E+000)     (   6.5610E-003,  -6.4397E-003)
(  -9.0120E-003,   9.7055E-003)     (   6.8355E-003,  -4.5557E-003)     (  -9.1036E-007,   2.1420E-006)
 
Raman band -006-005 = -2727.6742 cm-1
(   1.0691E+001,  -2.6477E+001)     (  -1.2963E+004,  -1.0397E+004)     (   4.9585E-002,   1.6181E-002)
(  -1.2027E+004,  -5.2727E+003)     (  -1.2041E+001,  -5.5954E-002)     (  -9.6808E-002,  -3.9489E-002)
(  -1.5093E-002,  -4.6610E-002)     (  -9.9156E-002,  -6.1286E-002)     (  -6.0073E-006,  -7.9638E-007)
 
Raman band +006-005 =    33.3681 cm-1
(   1.2376E+001,   2.1162E+001)     (  -1.2504E+004,   9.3597E+003)     (  -3.6362E-002,   3.3249E-003)
(  -7.8821E+003,   1.4661E+003)     (   8.3504E+000,   1.5311E+001)     (   2.6148E-002,  -4.1699E-003)
(  -2.0908E-002,   2.3035E-002)     (   1.2661E-002,  -1.5520E-003)     (   1.9713E-007,  -1.9370E-006)
 
Raman band -006+005 =   -33.3681 cm-1
(  -3.9210E+001,   2.4165E+001)     (  -2.2471E+004,  -4.3507E+003)     (  -1.0646E-002,  -4.6568E-002)
(  -1.0788E+004,  -1.0851E+003)     (  -1.6608E+001,   2.4993E+001)     (   2.1576E-002,   4.7420E-002)
(  -7.0293E-002,   7.2642E-003)     (  -1.6868E-003,   5.6926E-002)     (   1.5410E-006,  -4.1527E-006)
 
%%%%%%%%%%%%%%%%%%%%%%%%%%%%%%%%%%%%%%%%%%%%%%%%%%%%%%%%%%%%%%%%%%%%%%%%%%%%%%%%%%%%%%%%%%%%%%%%%%%%

 
total Raman tensor:
 
Raman band +006+006 =  2761.0424 cm-1
(   1.6904E+005,   4.8698E+005)     (   4.1195E+000,  -1.3684E+001)     (   1.3294E-002,   2.9374E-001)
(   5.6372E+000,  -1.2558E+001)     (   1.6901E+005,   4.8670E+005)     (  -9.5568E-003,  -4.4574E-001)
(   7.2289E-003,   2.9127E-001)     (  -2.4097E-002,  -4.4231E-001)     (   7.9065E-005,   5.3245E-005)
 
Raman band -006-006 = -2761.0424 cm-1
(  -1.9072E+005,  -5.9965E+005)     (  -1.6933E+002,  -3.6482E+001)     (   3.0212E+000,  -4.0103E+000)
(  -1.2288E+002,  -2.8742E+001)     (  -1.8998E+005,  -5.9804E+005)     (  -5.0525E+000,   6.3141E+000)
(   3.0878E+000,  -3.7523E+000)     (  -4.9234E+000,   6.2008E+000)     (   4.5498E-004,   6.5621E-004)
 
Raman band +006-006 =     0.0000 cm-1
(  -4.2424E+005,   1.2036E+006)     (   4.5398E+001,  -3.6301E+001)     (  -5.1273E-001,   8.3266E-001)
(   4.6950E+001,  -2.8688E+001)     (  -4.2412E+005,   1.2029E+006)     (   8.7527E-001,  -1.3734E+000)
(  -5.7469E-001,   9.4337E-001)     (   8.2243E-001,  -1.3315E+000)     (   2.6992E-004,   1.8370E-004)
 
Raman band -006+006 =     0.0000 cm-1
(  -1.5043E+006,  -3.5546E+005)     (   5.3417E+001,   1.6651E+002)     (  -3.3390E+000,  -1.4289E+000)
(   5.5330E+001,   1.2088E+002)     (  -1.5027E+006,  -3.5440E+005)     (   5.2212E+000,   2.2489E+000)
(  -3.1791E+000,  -1.4399E+000)     (   5.1745E+000,   2.1853E+000)     (   4.0053E-004,   4.3707E-004)
 
%%%%%%%%%%%%%%%%%%%%%%%%%%%%%%%%%%%%%%%%%%%%%%%%%%%%%%%%%%%%%%%%%%%%%%%%%%%%%%%%%%%%%%%%%%%%%%%%%%%%

 
