The Raman tensors are listed in a branch-resolved way
 
total Raman tensor:
 
Raman band +001+001 =     2.4695 cm-1
(   0.0000E+000,   0.0000E+000)     (   0.0000E+000,   0.0000E+000)     (   0.0000E+000,   0.0000E+000)
(   0.0000E+000,   0.0000E+000)     (   0.0000E+000,   0.0000E+000)     (   0.0000E+000,   0.0000E+000)
(   0.0000E+000,   0.0000E+000)     (   0.0000E+000,   0.0000E+000)     (   0.0000E+000,   0.0000E+000)
 
Raman band -001-001 =    -2.4695 cm-1
(   0.0000E+000,   0.0000E+000)     (   0.0000E+000,   0.0000E+000)     (   0.0000E+000,   0.0000E+000)
(   0.0000E+000,   0.0000E+000)     (   0.0000E+000,   0.0000E+000)     (   0.0000E+000,   0.0000E+000)
(   0.0000E+000,   0.0000E+000)     (   0.0000E+000,   0.0000E+000)     (   0.0000E+000,   0.0000E+000)
 
Raman band +001-001 =     0.0000 cm-1
(   0.0000E+000,   0.0000E+000)     (   0.0000E+000,   0.0000E+000)     (   0.0000E+000,   0.0000E+000)
(   0.0000E+000,   0.0000E+000)     (   0.0000E+000,   0.0000E+000)     (   0.0000E+000,   0.0000E+000)
(   0.0000E+000,   0.0000E+000)     (   0.0000E+000,   0.0000E+000)     (   0.0000E+000,   0.0000E+000)
 
Raman band -001+001 =     0.0000 cm-1
(   0.0000E+000,   0.0000E+000)     (   0.0000E+000,   0.0000E+000)     (   0.0000E+000,   0.0000E+000)
(   0.0000E+000,   0.0000E+000)     (   0.0000E+000,   0.0000E+000)     (   0.0000E+000,   0.0000E+000)
(   0.0000E+000,   0.0000E+000)     (   0.0000E+000,   0.0000E+000)     (   0.0000E+000,   0.0000E+000)
 
%%%%%%%%%%%%%%%%%%%%%%%%%%%%%%%%%%%%%%%%%%%%%%%%%%%%%%%%%%%%%%%%%%%%%%%%%%%%%%%%%%%%%%%%%%%%%%%%%%%%

 
total Raman tensor:
 
Raman band +001+002 =    50.5117 cm-1
(   0.0000E+000,   0.0000E+000)     (   0.0000E+000,   0.0000E+000)     (   0.0000E+000,   0.0000E+000)
(   0.0000E+000,   0.0000E+000)     (   0.0000E+000,   0.0000E+000)     (   0.0000E+000,   0.0000E+000)
(   0.0000E+000,   0.0000E+000)     (   0.0000E+000,   0.0000E+000)     (   0.0000E+000,   0.0000E+000)
 
Raman band -001-002 =   -50.5117 cm-1
(   0.0000E+000,   0.0000E+000)     (   0.0000E+000,   0.0000E+000)     (   0.0000E+000,   0.0000E+000)
(   0.0000E+000,   0.0000E+000)     (   0.0000E+000,   0.0000E+000)     (   0.0000E+000,   0.0000E+000)
(   0.0000E+000,   0.0000E+000)     (   0.0000E+000,   0.0000E+000)     (   0.0000E+000,   0.0000E+000)
 
Raman band +001-002 =   -48.0423 cm-1
(   0.0000E+000,   0.0000E+000)     (   0.0000E+000,   0.0000E+000)     (   0.0000E+000,   0.0000E+000)
(   0.0000E+000,   0.0000E+000)     (   0.0000E+000,   0.0000E+000)     (   0.0000E+000,   0.0000E+000)
(   0.0000E+000,   0.0000E+000)     (   0.0000E+000,   0.0000E+000)     (   0.0000E+000,   0.0000E+000)
 
Raman band -001+002 =    48.0423 cm-1
(   0.0000E+000,   0.0000E+000)     (   0.0000E+000,   0.0000E+000)     (   0.0000E+000,   0.0000E+000)
(   0.0000E+000,   0.0000E+000)     (   0.0000E+000,   0.0000E+000)     (   0.0000E+000,   0.0000E+000)
(   0.0000E+000,   0.0000E+000)     (   0.0000E+000,   0.0000E+000)     (   0.0000E+000,   0.0000E+000)
 
%%%%%%%%%%%%%%%%%%%%%%%%%%%%%%%%%%%%%%%%%%%%%%%%%%%%%%%%%%%%%%%%%%%%%%%%%%%%%%%%%%%%%%%%%%%%%%%%%%%%

 
total Raman tensor:
 
Raman band +001+003 =    81.6882 cm-1
(   0.0000E+000,   0.0000E+000)     (   0.0000E+000,   0.0000E+000)     (   0.0000E+000,   0.0000E+000)
(   0.0000E+000,   0.0000E+000)     (   0.0000E+000,   0.0000E+000)     (   0.0000E+000,   0.0000E+000)
(   0.0000E+000,   0.0000E+000)     (   0.0000E+000,   0.0000E+000)     (   0.0000E+000,   0.0000E+000)
 
Raman band -001-003 =   -81.6882 cm-1
(   0.0000E+000,   0.0000E+000)     (   0.0000E+000,   0.0000E+000)     (   0.0000E+000,   0.0000E+000)
(   0.0000E+000,   0.0000E+000)     (   0.0000E+000,   0.0000E+000)     (   0.0000E+000,   0.0000E+000)
(   0.0000E+000,   0.0000E+000)     (   0.0000E+000,   0.0000E+000)     (   0.0000E+000,   0.0000E+000)
 
Raman band +001-003 =   -79.2188 cm-1
(   0.0000E+000,   0.0000E+000)     (   0.0000E+000,   0.0000E+000)     (   0.0000E+000,   0.0000E+000)
(   0.0000E+000,   0.0000E+000)     (   0.0000E+000,   0.0000E+000)     (   0.0000E+000,   0.0000E+000)
(   0.0000E+000,   0.0000E+000)     (   0.0000E+000,   0.0000E+000)     (   0.0000E+000,   0.0000E+000)
 
Raman band -001+003 =    79.2188 cm-1
(   0.0000E+000,   0.0000E+000)     (   0.0000E+000,   0.0000E+000)     (   0.0000E+000,   0.0000E+000)
(   0.0000E+000,   0.0000E+000)     (   0.0000E+000,   0.0000E+000)     (   0.0000E+000,   0.0000E+000)
(   0.0000E+000,   0.0000E+000)     (   0.0000E+000,   0.0000E+000)     (   0.0000E+000,   0.0000E+000)
 
%%%%%%%%%%%%%%%%%%%%%%%%%%%%%%%%%%%%%%%%%%%%%%%%%%%%%%%%%%%%%%%%%%%%%%%%%%%%%%%%%%%%%%%%%%%%%%%%%%%%

 
total Raman tensor:
 
Raman band +001+004 =   807.8178 cm-1
(   0.0000E+000,   0.0000E+000)     (   0.0000E+000,   0.0000E+000)     (   0.0000E+000,   0.0000E+000)
(   0.0000E+000,   0.0000E+000)     (   0.0000E+000,   0.0000E+000)     (   0.0000E+000,   0.0000E+000)
(   0.0000E+000,   0.0000E+000)     (   0.0000E+000,   0.0000E+000)     (   0.0000E+000,   0.0000E+000)
 
Raman band -001-004 =  -807.8178 cm-1
(   0.0000E+000,   0.0000E+000)     (   0.0000E+000,   0.0000E+000)     (   0.0000E+000,   0.0000E+000)
(   0.0000E+000,   0.0000E+000)     (   0.0000E+000,   0.0000E+000)     (   0.0000E+000,   0.0000E+000)
(   0.0000E+000,   0.0000E+000)     (   0.0000E+000,   0.0000E+000)     (   0.0000E+000,   0.0000E+000)
 
Raman band +001-004 =  -805.3484 cm-1
(   0.0000E+000,   0.0000E+000)     (   0.0000E+000,   0.0000E+000)     (   0.0000E+000,   0.0000E+000)
(   0.0000E+000,   0.0000E+000)     (   0.0000E+000,   0.0000E+000)     (   0.0000E+000,   0.0000E+000)
(   0.0000E+000,   0.0000E+000)     (   0.0000E+000,   0.0000E+000)     (   0.0000E+000,   0.0000E+000)
 
Raman band -001+004 =   805.3484 cm-1
(   0.0000E+000,   0.0000E+000)     (   0.0000E+000,   0.0000E+000)     (   0.0000E+000,   0.0000E+000)
(   0.0000E+000,   0.0000E+000)     (   0.0000E+000,   0.0000E+000)     (   0.0000E+000,   0.0000E+000)
(   0.0000E+000,   0.0000E+000)     (   0.0000E+000,   0.0000E+000)     (   0.0000E+000,   0.0000E+000)
 
%%%%%%%%%%%%%%%%%%%%%%%%%%%%%%%%%%%%%%%%%%%%%%%%%%%%%%%%%%%%%%%%%%%%%%%%%%%%%%%%%%%%%%%%%%%%%%%%%%%%

 
total Raman tensor:
 
Raman band +001+005 =  1347.6437 cm-1
(   0.0000E+000,   0.0000E+000)     (   0.0000E+000,   0.0000E+000)     (   0.0000E+000,   0.0000E+000)
(   0.0000E+000,   0.0000E+000)     (   0.0000E+000,   0.0000E+000)     (   0.0000E+000,   0.0000E+000)
(   0.0000E+000,   0.0000E+000)     (   0.0000E+000,   0.0000E+000)     (   0.0000E+000,   0.0000E+000)
 
Raman band -001-005 = -1347.6437 cm-1
(   0.0000E+000,   0.0000E+000)     (   0.0000E+000,   0.0000E+000)     (   0.0000E+000,   0.0000E+000)
(   0.0000E+000,   0.0000E+000)     (   0.0000E+000,   0.0000E+000)     (   0.0000E+000,   0.0000E+000)
(   0.0000E+000,   0.0000E+000)     (   0.0000E+000,   0.0000E+000)     (   0.0000E+000,   0.0000E+000)
 
Raman band +001-005 = -1345.1743 cm-1
(   0.0000E+000,   0.0000E+000)     (   0.0000E+000,   0.0000E+000)     (   0.0000E+000,   0.0000E+000)
(   0.0000E+000,   0.0000E+000)     (   0.0000E+000,   0.0000E+000)     (   0.0000E+000,   0.0000E+000)
(   0.0000E+000,   0.0000E+000)     (   0.0000E+000,   0.0000E+000)     (   0.0000E+000,   0.0000E+000)
 
Raman band -001+005 =  1345.1743 cm-1
(   0.0000E+000,   0.0000E+000)     (   0.0000E+000,   0.0000E+000)     (   0.0000E+000,   0.0000E+000)
(   0.0000E+000,   0.0000E+000)     (   0.0000E+000,   0.0000E+000)     (   0.0000E+000,   0.0000E+000)
(   0.0000E+000,   0.0000E+000)     (   0.0000E+000,   0.0000E+000)     (   0.0000E+000,   0.0000E+000)
 
%%%%%%%%%%%%%%%%%%%%%%%%%%%%%%%%%%%%%%%%%%%%%%%%%%%%%%%%%%%%%%%%%%%%%%%%%%%%%%%%%%%%%%%%%%%%%%%%%%%%

 
total Raman tensor:
 
Raman band +001+006 =  1442.8850 cm-1
(   0.0000E+000,   0.0000E+000)     (   0.0000E+000,   0.0000E+000)     (   0.0000E+000,   0.0000E+000)
(   0.0000E+000,   0.0000E+000)     (   0.0000E+000,   0.0000E+000)     (   0.0000E+000,   0.0000E+000)
(   0.0000E+000,   0.0000E+000)     (   0.0000E+000,   0.0000E+000)     (   0.0000E+000,   0.0000E+000)
 
Raman band -001-006 = -1442.8850 cm-1
(   0.0000E+000,   0.0000E+000)     (   0.0000E+000,   0.0000E+000)     (   0.0000E+000,   0.0000E+000)
(   0.0000E+000,   0.0000E+000)     (   0.0000E+000,   0.0000E+000)     (   0.0000E+000,   0.0000E+000)
(   0.0000E+000,   0.0000E+000)     (   0.0000E+000,   0.0000E+000)     (   0.0000E+000,   0.0000E+000)
 
Raman band +001-006 = -1440.4156 cm-1
(   0.0000E+000,   0.0000E+000)     (   0.0000E+000,   0.0000E+000)     (   0.0000E+000,   0.0000E+000)
(   0.0000E+000,   0.0000E+000)     (   0.0000E+000,   0.0000E+000)     (   0.0000E+000,   0.0000E+000)
(   0.0000E+000,   0.0000E+000)     (   0.0000E+000,   0.0000E+000)     (   0.0000E+000,   0.0000E+000)
 
Raman band -001+006 =  1440.4156 cm-1
(   0.0000E+000,   0.0000E+000)     (   0.0000E+000,   0.0000E+000)     (   0.0000E+000,   0.0000E+000)
(   0.0000E+000,   0.0000E+000)     (   0.0000E+000,   0.0000E+000)     (   0.0000E+000,   0.0000E+000)
(   0.0000E+000,   0.0000E+000)     (   0.0000E+000,   0.0000E+000)     (   0.0000E+000,   0.0000E+000)
 
%%%%%%%%%%%%%%%%%%%%%%%%%%%%%%%%%%%%%%%%%%%%%%%%%%%%%%%%%%%%%%%%%%%%%%%%%%%%%%%%%%%%%%%%%%%%%%%%%%%%

 
total Raman tensor:
 
Raman band +002+001 =    50.5117 cm-1
(   0.0000E+000,   0.0000E+000)     (   0.0000E+000,   0.0000E+000)     (   0.0000E+000,   0.0000E+000)
(   0.0000E+000,   0.0000E+000)     (   0.0000E+000,   0.0000E+000)     (   0.0000E+000,   0.0000E+000)
(   0.0000E+000,   0.0000E+000)     (   0.0000E+000,   0.0000E+000)     (   0.0000E+000,   0.0000E+000)
 
Raman band -002-001 =   -50.5117 cm-1
(   0.0000E+000,   0.0000E+000)     (   0.0000E+000,   0.0000E+000)     (   0.0000E+000,   0.0000E+000)
(   0.0000E+000,   0.0000E+000)     (   0.0000E+000,   0.0000E+000)     (   0.0000E+000,   0.0000E+000)
(   0.0000E+000,   0.0000E+000)     (   0.0000E+000,   0.0000E+000)     (   0.0000E+000,   0.0000E+000)
 
Raman band +002-001 =    48.0423 cm-1
(   0.0000E+000,   0.0000E+000)     (   0.0000E+000,   0.0000E+000)     (   0.0000E+000,   0.0000E+000)
(   0.0000E+000,   0.0000E+000)     (   0.0000E+000,   0.0000E+000)     (   0.0000E+000,   0.0000E+000)
(   0.0000E+000,   0.0000E+000)     (   0.0000E+000,   0.0000E+000)     (   0.0000E+000,   0.0000E+000)
 
Raman band -002+001 =   -48.0423 cm-1
(   0.0000E+000,   0.0000E+000)     (   0.0000E+000,   0.0000E+000)     (   0.0000E+000,   0.0000E+000)
(   0.0000E+000,   0.0000E+000)     (   0.0000E+000,   0.0000E+000)     (   0.0000E+000,   0.0000E+000)
(   0.0000E+000,   0.0000E+000)     (   0.0000E+000,   0.0000E+000)     (   0.0000E+000,   0.0000E+000)
 
%%%%%%%%%%%%%%%%%%%%%%%%%%%%%%%%%%%%%%%%%%%%%%%%%%%%%%%%%%%%%%%%%%%%%%%%%%%%%%%%%%%%%%%%%%%%%%%%%%%%

 
total Raman tensor:
 
Raman band +002+002 =    98.5540 cm-1
(   6.2280E+000,   5.3367E+000)     (   1.2679E-002,   6.4083E-003)     (  -2.2518E-005,  -2.3632E-005)
(   9.8771E-003,   3.4905E-003)     (   2.8125E+000,   3.9684E+000)     (  -1.0444E-006,   7.2265E-006)
(  -3.3832E-005,   2.3254E-007)     (   1.0240E-005,  -1.0783E-005)     (   1.6140E-008,   7.1424E-009)
 
Raman band -002-002 =   -98.5540 cm-1
(   6.6016E+000,   5.7532E+000)     (   1.3405E-002,   7.4160E-003)     (  -2.4022E-005,  -2.7509E-005)
(   1.1393E-002,   3.4810E-003)     (   2.7797E+000,   4.2266E+000)     (  -1.5629E-006,   9.4233E-006)
(  -3.7339E-005,   1.4499E-006)     (   1.2285E-005,  -1.3124E-005)     (   1.7354E-008,   7.8083E-009)
 
Raman band +002-002 =     0.0000 cm-1
(   6.4294E+000,   5.5068E+000)     (   1.3051E-002,   6.7251E-003)     (  -2.2362E-005,  -2.7703E-005)
(   1.0514E-002,   3.5935E-003)     (   2.8238E+000,   4.0708E+000)     (  -1.4815E-006,   9.2847E-006)
(  -3.6053E-005,   3.3359E-006)     (   1.1466E-005,  -1.2817E-005)     (   1.6594E-008,   7.3742E-009)
 
Raman band -002+002 =     0.0000 cm-1
(   6.5890E+000,   5.6548E+000)     (   1.3457E-002,   7.1496E-003)     (  -2.3583E-005,  -2.7006E-005)
(   1.1003E-002,   3.5413E-003)     (   2.8435E+000,   4.1625E+000)     (  -1.4830E-006,   9.3167E-006)
(  -3.6687E-005,   1.6805E-006)     (   1.1812E-005,  -1.2942E-005)     (   1.7093E-008,   7.6279E-009)
 
%%%%%%%%%%%%%%%%%%%%%%%%%%%%%%%%%%%%%%%%%%%%%%%%%%%%%%%%%%%%%%%%%%%%%%%%%%%%%%%%%%%%%%%%%%%%%%%%%%%%

 
total Raman tensor:
 
Raman band +002+003 =   129.7305 cm-1
(   3.3195E-001,   5.4767E-002)     (   4.4924E+000,  -1.8584E+001)     (   5.6755E-005,   1.1259E-005)
(  -7.2527E+000,   4.0923E+000)     (   3.0526E-001,  -1.8088E-002)     (  -5.1735E-005,   4.2586E-005)
(  -8.0922E-006,  -5.2702E-006)     (  -1.5428E-005,   9.2294E-006)     (   1.5668E-009,   1.7575E-009)
 
Raman band -002-003 =  -129.7305 cm-1
(   3.5144E-001,   9.8713E-002)     (   8.5852E+000,  -2.0626E+001)     (   6.1583E-005,   1.8533E-005)
(  -1.2531E+001,   3.4860E+000)     (   3.2561E-001,   1.7926E-002)     (  -6.5983E-005,   4.6457E-005)
(  -6.7895E-006,  -8.9894E-006)     (  -1.5692E-005,   7.0708E-006)     (   1.7310E-009,   1.8465E-009)
 
Raman band +002-003 =   -31.1765 cm-1
(   3.4146E-001,   7.3835E-002)     (   6.0086E+000,  -1.9511E+001)     (   6.1331E-005,   1.4102E-005)
(  -9.3021E+000,   3.8799E+000)     (   3.1489E-001,  -2.2410E-003)     (  -5.9494E-005,   4.4197E-005)
(  -1.0601E-005,  -7.9868E-006)     (  -1.4047E-005,   8.5620E-006)     (   1.6436E-009,   1.8914E-009)
 
Raman band -002+003 =    31.1765 cm-1
(   3.4578E-001,   7.6667E-002)     (   6.6763E+000,  -2.0139E+001)     (   6.1726E-005,   1.5075E-005)
(  -1.0042E+001,   4.1064E+000)     (   3.1900E-001,  -1.1340E-003)     (  -5.9687E-005,   4.5297E-005)
(  -9.5872E-006,  -7.6636E-006)     (  -1.4875E-005,   8.5461E-006)     (   1.5999E-009,   1.8763E-009)
 
%%%%%%%%%%%%%%%%%%%%%%%%%%%%%%%%%%%%%%%%%%%%%%%%%%%%%%%%%%%%%%%%%%%%%%%%%%%%%%%%%%%%%%%%%%%%%%%%%%%%

 
total Raman tensor:
 
Raman band +002+004 =   855.8601 cm-1
(  -7.3021E-003,   6.0711E-003)     (  -6.9009E-002,  -4.3163E-004)     (   1.2722E-006,  -7.2021E-007)
(   6.6036E-002,   2.0272E-003)     (  -1.1699E-002,   2.4373E-003)     (  -1.3631E-007,   4.0347E-008)
(  -1.3492E-006,   3.8784E-007)     (  -3.1039E-008,  -1.6124E-007)     (  -6.8361E-012,   6.3246E-012)
 
Raman band -002-004 =  -855.8601 cm-1
(  -3.5970E-004,  -2.0433E-002)     (  -2.8631E-002,  -1.0869E-001)     (   1.9943E-006,  -8.2321E-007)
(   1.8495E-002,   9.5261E-002)     (  -8.7468E-003,  -3.0736E-002)     (  -2.8824E-007,   2.1180E-007)
(  -1.8668E-006,  -1.2228E-007)     (  -4.8947E-008,  -2.8577E-007)     (  -1.3013E-011,   6.6310E-012)
 
Raman band +002-004 =  -757.3061 cm-1
(  -4.8431E-003,  -1.7382E-002)     (  -4.4507E-002,  -1.0198E-001)     (   1.9094E-006,  -8.0679E-007)
(   3.3665E-002,   9.2120E-002)     (  -1.2924E-002,  -2.6493E-002)     (  -2.3926E-007,   1.9913E-007)
(  -1.8564E-006,  -5.7401E-008)     (  -5.4579E-008,  -2.7538E-007)     (  -1.1850E-011,   7.3534E-012)
 
Raman band -002+004 =   757.3061 cm-1
(  -9.0212E-003,   5.3047E-003)     (  -7.5137E-002,  -8.5180E-003)     (   1.3435E-006,  -7.3765E-007)
(   7.0927E-002,   9.8826E-003)     (  -1.3583E-002,   1.5099E-003)     (  -1.4457E-007,   5.2687E-008)
(  -1.4213E-006,   3.6514E-007)     (  -2.8288E-008,  -1.7371E-007)     (  -8.4745E-012,   6.3084E-012)
 
%%%%%%%%%%%%%%%%%%%%%%%%%%%%%%%%%%%%%%%%%%%%%%%%%%%%%%%%%%%%%%%%%%%%%%%%%%%%%%%%%%%%%%%%%%%%%%%%%%%%

 
total Raman tensor:
 
Raman band +002+005 =  1395.6860 cm-1
(  -2.1043E+001,   4.7766E+001)     (  -3.3348E-001,   1.6239E-001)     (   9.1053E-006,  -1.5728E-004)
(  -1.1524E-001,  -2.3145E-001)     (  -2.8211E-001,   4.6643E+000)     (   2.0383E-005,  -5.8639E-005)
(   3.3292E-005,  -6.0910E-005)     (   6.0282E-005,  -3.3694E-005)     (  -3.3500E-008,   1.1926E-007)
 
Raman band -002-005 = -1395.6860 cm-1
(  -7.4143E+001,   1.5008E+002)     (  -7.7101E-001,  -1.7182E-001)     (   4.7962E-004,  -4.2292E-004)
(  -2.5850E-002,  -2.5876E-001)     (   8.5056E-001,   6.5412E+001)     (   4.7192E-005,  -1.6748E-005)
(  -8.0583E-005,  -3.8172E-004)     (   1.1744E-004,   6.6150E-006)     (  -9.7389E-008,   2.8752E-007)
 
Raman band +002-005 = -1297.1320 cm-1
(  -6.4284E+001,   1.4261E+002)     (  -7.5506E-001,  -1.3533E-001)     (   4.6145E-004,  -4.1924E-004)
(  -2.7124E-002,  -2.6033E-001)     (   5.4282E+000,   5.9818E+001)     (   3.3458E-005,  -2.9416E-005)
(  -9.9445E-005,  -3.5768E-004)     (   1.0120E-004,   9.3909E-006)     (  -9.1062E-008,   2.7568E-007)
 
Raman band -002+005 =  1297.1320 cm-1
(  -2.2709E+001,   5.3969E+001)     (  -3.6516E-001,   1.6557E-001)     (   5.7919E-005,  -2.3147E-004)
(  -1.2131E-001,  -2.4230E-001)     (   2.8737E-001,   6.2732E+000)     (   2.1262E-006,  -6.6468E-006)
(   1.6392E-005,  -1.4737E-004)     (   6.0521E-005,   1.8324E-005)     (  -4.0087E-008,   1.4955E-007)
 
%%%%%%%%%%%%%%%%%%%%%%%%%%%%%%%%%%%%%%%%%%%%%%%%%%%%%%%%%%%%%%%%%%%%%%%%%%%%%%%%%%%%%%%%%%%%%%%%%%%%

 
total Raman tensor:
 
Raman band +002+006 =  1490.9273 cm-1
(  -2.6821E+000,   7.1167E+000)     (   3.4551E+002,   1.7441E+002)     (  -3.1402E-004,   8.5028E-004)
(  -8.0446E+001,  -8.7244E+001)     (  -6.4777E-001,   7.0982E+000)     (  -7.4871E-004,  -1.0120E-003)
(  -1.0443E-004,  -4.6168E-004)     (  -2.6573E-004,  -6.3255E-004)     (  -1.1755E-009,   5.9936E-008)
 
Raman band -002-006 = -1490.9273 cm-1
(  -1.1655E+001,   5.9952E+000)     (   8.0586E+001,   7.0687E+002)     (  -1.0837E-003,   1.0063E-003)
(   8.9855E+002,  -1.7500E+002)     (  -8.4191E+000,   7.7656E+000)     (   2.0495E-003,  -3.6509E-003)
(  -1.6650E-003,  -1.2009E-003)     (   3.5429E-004,  -4.2149E-004)     (  -1.5750E-007,   1.5317E-007)
 
Raman band +002-006 = -1392.3733 cm-1
(  -1.1183E+001,   6.4458E+000)     (   1.3413E+002,   6.9441E+002)     (  -1.0150E-003,   1.1084E-003)
(   8.0639E+002,  -2.4405E+002)     (  -7.9649E+000,   8.0303E+000)     (   1.6276E-003,  -3.7415E-003)
(  -1.3406E-003,  -9.0150E-004)     (   2.7259E-004,  -4.4380E-004)     (  -1.4952E-007,   1.4409E-007)
 
Raman band -002+006 =  1392.3733 cm-1
(  -3.0721E+000,   7.3953E+000)     (   3.6926E+002,   2.0738E+002)     (  -3.5726E-004,   8.4384E-004)
(  -9.1435E+001,  -1.2177E+002)     (  -9.4118E-001,   7.4328E+000)     (  -7.7326E-004,  -1.1114E-003)
(  -5.2613E-005,  -4.4591E-004)     (  -2.4226E-004,  -6.5196E-004)     (   1.3640E-010,   6.3900E-008)
 
%%%%%%%%%%%%%%%%%%%%%%%%%%%%%%%%%%%%%%%%%%%%%%%%%%%%%%%%%%%%%%%%%%%%%%%%%%%%%%%%%%%%%%%%%%%%%%%%%%%%

 
total Raman tensor:
 
Raman band +003+001 =    81.6882 cm-1
(   0.0000E+000,   0.0000E+000)     (   0.0000E+000,   0.0000E+000)     (   0.0000E+000,   0.0000E+000)
(   0.0000E+000,   0.0000E+000)     (   0.0000E+000,   0.0000E+000)     (   0.0000E+000,   0.0000E+000)
(   0.0000E+000,   0.0000E+000)     (   0.0000E+000,   0.0000E+000)     (   0.0000E+000,   0.0000E+000)
 
Raman band -003-001 =   -81.6882 cm-1
(   0.0000E+000,   0.0000E+000)     (   0.0000E+000,   0.0000E+000)     (   0.0000E+000,   0.0000E+000)
(   0.0000E+000,   0.0000E+000)     (   0.0000E+000,   0.0000E+000)     (   0.0000E+000,   0.0000E+000)
(   0.0000E+000,   0.0000E+000)     (   0.0000E+000,   0.0000E+000)     (   0.0000E+000,   0.0000E+000)
 
Raman band +003-001 =    79.2188 cm-1
(   0.0000E+000,   0.0000E+000)     (   0.0000E+000,   0.0000E+000)     (   0.0000E+000,   0.0000E+000)
(   0.0000E+000,   0.0000E+000)     (   0.0000E+000,   0.0000E+000)     (   0.0000E+000,   0.0000E+000)
(   0.0000E+000,   0.0000E+000)     (   0.0000E+000,   0.0000E+000)     (   0.0000E+000,   0.0000E+000)
 
Raman band -003+001 =   -79.2188 cm-1
(   0.0000E+000,   0.0000E+000)     (   0.0000E+000,   0.0000E+000)     (   0.0000E+000,   0.0000E+000)
(   0.0000E+000,   0.0000E+000)     (   0.0000E+000,   0.0000E+000)     (   0.0000E+000,   0.0000E+000)
(   0.0000E+000,   0.0000E+000)     (   0.0000E+000,   0.0000E+000)     (   0.0000E+000,   0.0000E+000)
 
%%%%%%%%%%%%%%%%%%%%%%%%%%%%%%%%%%%%%%%%%%%%%%%%%%%%%%%%%%%%%%%%%%%%%%%%%%%%%%%%%%%%%%%%%%%%%%%%%%%%

 
total Raman tensor:
 
Raman band +003+002 =   129.7305 cm-1
(  -2.0534E-001,   2.6284E-001)     (   6.1641E-001,   4.5940E+000)     (   2.1271E-005,  -5.7661E-006)
(  -1.8933E+001,   3.2767E+000)     (  -2.8288E-001,   1.9528E-001)     (   4.1916E-005,   1.8927E-005)
(  -1.0477E-005,   2.0563E-005)     (   2.3849E-005,  -9.8501E-006)     (  -5.9592E-011,  -3.1004E-009)
 
Raman band -003-002 =  -129.7305 cm-1
(  -2.6419E-001,   2.5797E-001)     (   2.5803E+000,   7.4303E+000)     (   2.3629E-005,  -1.1757E-005)
(  -2.3692E+001,  -6.0106E-001)     (  -3.4022E-001,   1.7187E-001)     (   4.4040E-005,   3.0526E-005)
(  -6.0242E-006,   1.3928E-005)     (   2.7182E-005,  -3.2712E-006)     (  -3.1674E-010,  -3.6581E-009)
 
Raman band +003-002 =    31.1765 cm-1
(  -2.1819E-001,   2.6331E-001)     (   9.6058E-001,   5.1734E+000)     (   1.8137E-005,  -8.0601E-006)
(  -2.0032E+001,   2.6571E+000)     (  -2.9612E-001,   1.9112E-001)     (   4.4942E-005,   2.2281E-005)
(  -7.4702E-006,   2.1453E-005)     (   2.2596E-005,  -9.9348E-006)     (  -5.6857E-011,  -3.3355E-009)
 
Raman band -003+002 =   -31.1765 cm-1
(  -2.4948E-001,   2.6220E-001)     (   2.2252E+000,   6.5776E+000)     (   2.1950E-005,  -1.0293E-005)
(  -2.2786E+001,   7.4986E-001)     (  -3.2729E-001,   1.8097E-001)     (   4.4113E-005,   2.7334E-005)
(  -6.8770E-006,   1.6227E-005)     (   2.6623E-005,  -5.4041E-006)     (  -2.5478E-010,  -3.5560E-009)
 
%%%%%%%%%%%%%%%%%%%%%%%%%%%%%%%%%%%%%%%%%%%%%%%%%%%%%%%%%%%%%%%%%%%%%%%%%%%%%%%%%%%%%%%%%%%%%%%%%%%%

 
total Raman tensor:
 
Raman band +003+003 =   160.9070 cm-1
(  -5.0345E+002,   6.5286E+002)     (   2.5772E-002,  -2.6254E-001)     (  -6.0694E-004,   5.3735E-004)
(   1.3973E-001,   9.0488E-002)     (  -4.9583E+002,   6.4613E+002)     (   8.9148E-004,  -8.6879E-004)
(  -5.4016E-004,   4.6270E-004)     (   8.2902E-004,  -7.2464E-004)     (   1.6693E-007,   1.2035E-007)
 
Raman band -003-003 =  -160.9070 cm-1
(  -7.7492E+002,   4.9842E+002)     (   1.4497E-001,  -3.2427E-001)     (  -9.6605E-004,   5.2861E-004)
(   1.2259E-001,   1.6427E-001)     (  -7.6376E+002,   4.9223E+002)     (   1.3831E-003,  -8.6331E-004)
(  -8.5174E-004,   4.3799E-004)     (   1.3579E-003,  -7.1351E-004)     (   1.7804E-007,   1.4205E-007)
 
Raman band +003-003 =     0.0000 cm-1
(  -5.9696E+002,   6.1894E+002)     (   5.8810E-002,  -2.8794E-001)     (  -7.1027E-004,   5.4169E-004)
(   1.3841E-001,   1.1585E-001)     (  -5.8858E+002,   6.1216E+002)     (   1.0374E-003,  -8.8906E-004)
(  -6.3491E-004,   4.7554E-004)     (   9.8337E-004,  -7.4379E-004)     (   1.7027E-007,   1.2703E-007)
 
Raman band -003+003 =     0.0000 cm-1
(  -6.9088E+002,   5.7568E+002)     (   9.4707E-002,  -3.0702E-001)     (  -8.3317E-004,   5.5077E-004)
(   1.3512E-001,   1.3619E-001)     (  -6.8053E+002,   5.6934E+002)     (   1.1972E-003,  -8.8253E-004)
(  -7.3504E-004,   4.5866E-004)     (   1.1613E-003,  -7.4221E-004)     (   1.7617E-007,   1.3500E-007)
 
%%%%%%%%%%%%%%%%%%%%%%%%%%%%%%%%%%%%%%%%%%%%%%%%%%%%%%%%%%%%%%%%%%%%%%%%%%%%%%%%%%%%%%%%%%%%%%%%%%%%

 
total Raman tensor:
 
Raman band +003+004 =   887.0366 cm-1
(  -2.8288E-001,   1.2640E-001)     (   4.2766E-002,  -3.6988E-002)     (  -1.7902E-009,   1.1067E-006)
(  -2.3832E-002,   4.1516E-002)     (  -3.4685E-001,   9.0719E-002)     (  -1.5873E-006,   1.8909E-007)
(  -1.4187E-007,   5.2576E-007)     (  -3.5436E-006,  -1.3508E-006)     (   1.7667E-011,   3.0228E-011)
 
Raman band -003-004 =  -887.0366 cm-1
(  -3.1285E-001,  -6.1390E-001)     (   1.2864E-001,   6.6157E-002)     (  -3.6887E-006,   1.1543E-006)
(  -9.8451E-002,  -1.5224E-002)     (  -3.3860E-001,  -8.0657E-001)     (  -4.7626E-006,  -2.5049E-006)
(   1.1905E-006,   2.4297E-006)     (  -1.5965E-006,  -4.1588E-006)     (  -9.2744E-012,   6.7079E-011)
 
Raman band +003-004 =  -726.1296 cm-1
(  -4.5879E-001,  -4.1124E-001)     (   1.2136E-001,   2.8692E-002)     (  -2.8426E-006,   1.8140E-006)
(  -9.0907E-002,   9.1901E-003)     (  -5.0819E-001,  -5.7390E-001)     (  -4.1150E-006,  -1.4525E-006)
(   1.0493E-006,   1.6280E-006)     (  -2.0664E-006,  -4.3518E-006)     (   3.9904E-012,   6.2991E-011)
 
Raman band -003+004 =   726.1296 cm-1
(  -3.8791E-001,   5.4567E-002)     (   5.9589E-002,  -3.8925E-002)     (  -2.1185E-007,   1.3667E-006)
(  -3.7064E-002,   4.5704E-002)     (  -4.6169E-001,   7.4923E-003)     (  -1.8074E-006,   1.5757E-007)
(  -6.2942E-008,   4.9253E-007)     (  -3.6731E-006,  -1.8146E-006)     (   1.5510E-011,   3.1721E-011)
 
%%%%%%%%%%%%%%%%%%%%%%%%%%%%%%%%%%%%%%%%%%%%%%%%%%%%%%%%%%%%%%%%%%%%%%%%%%%%%%%%%%%%%%%%%%%%%%%%%%%%

 
total Raman tensor:
 
Raman band +003+005 =  1426.8625 cm-1
(  -1.3625E+000,   2.2145E-001)     (  -2.7615E+002,  -4.1025E+002)     (   4.7465E-004,  -3.9577E-004)
(   2.1084E+002,  -1.7233E+001)     (  -1.1181E+000,   5.3072E-002)     (   1.2810E-005,   4.7091E-004)
(  -5.6495E-004,  -5.3319E-004)     (  -2.1388E-004,   3.1796E-004)     (   3.2079E-008,   3.2119E-010)
 
Raman band -003-005 = -1426.8625 cm-1
(  -5.3292E-001,  -2.2961E+000)     (   4.9545E+002,  -5.6903E+002)     (   5.8864E-004,   1.0588E-003)
(  -1.4474E+002,   1.7552E+001)     (  -8.3827E-001,  -1.7270E+000)     (  -1.6944E-003,   1.7682E-004)
(   3.8034E-004,  -1.4109E-003)     (  -4.9269E-004,  -9.6017E-004)     (   8.6263E-008,   3.9435E-008)
 
Raman band +003-005 = -1265.9555 cm-1
(  -9.8758E-001,  -2.1708E+000)     (   4.3397E+002,  -6.3942E+002)     (   6.7318E-004,   7.8521E-004)
(  -1.2899E+002,   6.3758E+001)     (  -1.0806E+000,  -1.6030E+000)     (  -1.5523E-003,   5.2857E-004)
(   2.2164E-004,  -1.4210E-003)     (  -5.6256E-004,  -7.6792E-004)     (   8.8732E-008,   3.5533E-008)
 
Raman band -003+005 =  1265.9555 cm-1
(  -1.5438E+000,   9.9444E-002)     (  -2.6848E+002,  -4.8521E+002)     (   5.6062E-004,  -4.7019E-004)
(   2.1944E+002,   1.3678E+001)     (  -1.2486E+000,  -3.5863E-002)     (  -2.4976E-006,   5.6060E-004)
(  -7.1799E-004,  -6.4756E-004)     (  -2.4795E-004,   3.3183E-004)     (   6.1940E-008,   1.7701E-008)
 
%%%%%%%%%%%%%%%%%%%%%%%%%%%%%%%%%%%%%%%%%%%%%%%%%%%%%%%%%%%%%%%%%%%%%%%%%%%%%%%%%%%%%%%%%%%%%%%%%%%%

 
total Raman tensor:
 
Raman band +003+006 =  1522.1038 cm-1
(  -1.3891E+004,  -1.0032E+004)     (   1.4397E+000,   2.4416E+000)     (  -8.9285E-003,  -9.8786E-003)
(  -1.3393E+000,   8.6207E-001)     (  -1.3817E+004,  -9.5648E+003)     (   1.0323E-002,   1.6497E-002)
(  -5.2917E-003,  -9.0835E-003)     (   1.3537E-002,   1.5906E-002)     (  -3.5972E-006,   2.3731E-006)
 
Raman band -003-006 = -1522.1038 cm-1
(   1.4078E+004,  -1.7093E+004)     (  -1.0071E+001,   9.4287E-001)     (   4.6299E-002,  -3.0276E-002)
(  -1.0485E+000,  -4.1088E+000)     (   1.3324E+004,  -1.6651E+004)     (  -6.8043E-002,   4.8538E-002)
(   4.3164E-002,  -2.0395E-002)     (  -7.2031E-002,   4.6054E-002)     (  -8.1190E-006,   2.7409E-006)
 
Raman band +003-006 = -1361.1968 cm-1
(   1.1390E+004,  -1.9812E+004)     (  -8.9541E+000,   3.1473E+000)     (   3.6084E-002,  -3.5200E-002)
(  -1.8647E+000,  -3.8417E+000)     (   1.0746E+004,  -1.9307E+004)     (  -5.2998E-002,   5.6505E-002)
(   3.4802E-002,  -2.6559E-002)     (  -5.5914E-002,   5.4253E-002)     (  -7.6657E-006,   2.7901E-006)
 
Raman band -003+006 =  1361.1968 cm-1
(  -1.3860E+004,  -1.3037E+004)     (   1.2465E+000,   3.1776E+000)     (  -9.0578E-003,  -1.3297E-002)
(  -1.5807E+000,   7.3439E-001)     (  -1.3832E+004,  -1.2498E+004)     (   1.0537E-002,   2.1575E-002)
(  -4.8689E-003,  -1.1823E-002)     (   1.3195E-002,   2.0361E-002)     (  -4.1006E-006,   2.6665E-006)
 
%%%%%%%%%%%%%%%%%%%%%%%%%%%%%%%%%%%%%%%%%%%%%%%%%%%%%%%%%%%%%%%%%%%%%%%%%%%%%%%%%%%%%%%%%%%%%%%%%%%%

 
total Raman tensor:
 
Raman band +004+001 =   807.8178 cm-1
(   0.0000E+000,   0.0000E+000)     (   0.0000E+000,   0.0000E+000)     (   0.0000E+000,   0.0000E+000)
(   0.0000E+000,   0.0000E+000)     (   0.0000E+000,   0.0000E+000)     (   0.0000E+000,   0.0000E+000)
(   0.0000E+000,   0.0000E+000)     (   0.0000E+000,   0.0000E+000)     (   0.0000E+000,   0.0000E+000)
 
Raman band -004-001 =  -807.8178 cm-1
(   0.0000E+000,   0.0000E+000)     (   0.0000E+000,   0.0000E+000)     (   0.0000E+000,   0.0000E+000)
(   0.0000E+000,   0.0000E+000)     (   0.0000E+000,   0.0000E+000)     (   0.0000E+000,   0.0000E+000)
(   0.0000E+000,   0.0000E+000)     (   0.0000E+000,   0.0000E+000)     (   0.0000E+000,   0.0000E+000)
 
Raman band +004-001 =   805.3484 cm-1
(   0.0000E+000,   0.0000E+000)     (   0.0000E+000,   0.0000E+000)     (   0.0000E+000,   0.0000E+000)
(   0.0000E+000,   0.0000E+000)     (   0.0000E+000,   0.0000E+000)     (   0.0000E+000,   0.0000E+000)
(   0.0000E+000,   0.0000E+000)     (   0.0000E+000,   0.0000E+000)     (   0.0000E+000,   0.0000E+000)
 
Raman band -004+001 =  -805.3484 cm-1
(   0.0000E+000,   0.0000E+000)     (   0.0000E+000,   0.0000E+000)     (   0.0000E+000,   0.0000E+000)
(   0.0000E+000,   0.0000E+000)     (   0.0000E+000,   0.0000E+000)     (   0.0000E+000,   0.0000E+000)
(   0.0000E+000,   0.0000E+000)     (   0.0000E+000,   0.0000E+000)     (   0.0000E+000,   0.0000E+000)
 
%%%%%%%%%%%%%%%%%%%%%%%%%%%%%%%%%%%%%%%%%%%%%%%%%%%%%%%%%%%%%%%%%%%%%%%%%%%%%%%%%%%%%%%%%%%%%%%%%%%%

 
total Raman tensor:
 
Raman band +004+002 =   855.8601 cm-1
(   2.7287E-003,   8.1641E-003)     (  -3.7093E-002,  -3.8075E-002)     (  -2.5382E-007,  -1.0528E-006)
(   2.8147E-002,   3.6120E-002)     (  -1.2840E-003,   5.1467E-003)     (  -2.2241E-008,   8.3939E-008)
(   7.7566E-008,   9.5865E-007)     (  -1.1715E-007,  -1.9292E-007)     (   3.3453E-012,  -6.3190E-012)
 
Raman band -004-002 =  -855.8601 cm-1
(  -4.1825E-003,  -1.9251E-002)     (   8.7054E-002,  -2.8598E-003)     (  -8.3448E-008,  -2.4823E-006)
(  -7.2675E-002,  -2.3533E-002)     (  -1.0934E-002,  -3.6948E-002)     (  -2.4594E-007,   2.3793E-007)
(   1.8004E-007,   1.7743E-006)     (  -1.8419E-007,  -5.0249E-007)     (   2.1444E-013,  -1.3961E-011)
 
Raman band +004-002 =   757.3061 cm-1
(   2.4824E-003,   8.4375E-003)     (  -3.7574E-002,  -4.0869E-002)     (  -2.6341E-007,  -1.0684E-006)
(   2.8087E-002,   3.8753E-002)     (  -1.6226E-003,   5.3615E-003)     (  -1.9662E-008,   8.5369E-008)
(   7.7124E-008,   9.7556E-007)     (  -1.2051E-007,  -2.0046E-007)     (   3.2503E-012,  -6.9852E-012)
 
Raman band -004+002 =  -757.3061 cm-1
(  -7.3667E-003,  -1.8191E-002)     (   9.2597E-002,  -1.0972E-002)     (  -1.3834E-007,  -2.4328E-006)
(  -7.9613E-002,  -1.6746E-002)     (  -1.4935E-002,  -3.4838E-002)     (  -2.3127E-007,   2.3981E-007)
(   1.8869E-007,   1.7504E-006)     (  -1.7214E-007,  -4.8270E-007)     (  -4.7025E-013,  -1.3976E-011)
 
%%%%%%%%%%%%%%%%%%%%%%%%%%%%%%%%%%%%%%%%%%%%%%%%%%%%%%%%%%%%%%%%%%%%%%%%%%%%%%%%%%%%%%%%%%%%%%%%%%%%

 
total Raman tensor:
 
Raman band +004+003 =   887.0366 cm-1
(  -1.7692E-001,   2.6526E-002)     (  -3.2449E-003,   1.5495E-002)     (  -6.0707E-007,  -3.1676E-007)
(  -1.2087E-002,  -1.1126E-002)     (  -1.2388E-001,   1.2895E-002)     (   2.3922E-006,  -1.9377E-006)
(  -5.4568E-007,   2.0592E-007)     (   2.8641E-006,  -1.4718E-006)     (   3.0502E-011,   3.1492E-012)
 
Raman band -004-003 =  -887.0366 cm-1
(   1.2714E+000,  -4.2240E-001)     (  -7.2538E-002,   6.3414E-002)     (  -1.6489E-006,  -9.7010E-006)
(   6.5772E-004,  -1.1395E-001)     (   1.3574E+000,  -2.4544E-001)     (   2.6232E-006,   1.3462E-006)
(   2.4035E-006,   7.8304E-007)     (   9.3285E-006,   1.0464E-005)     (   8.1448E-011,  -1.5499E-010)
 
Raman band +004-003 =   726.1296 cm-1
(  -1.9530E-001,   1.9763E-002)     (  -3.8770E-003,   1.6639E-002)     (  -6.4816E-007,  -2.9788E-007)
(  -1.2889E-002,  -1.2303E-002)     (  -1.3747E-001,   6.4316E-003)     (   2.6292E-006,  -1.9578E-006)
(  -5.8502E-007,   1.8254E-007)     (   3.1009E-006,  -1.5325E-006)     (   3.4848E-011,   6.5516E-012)
 
Raman band -004+003 =  -726.1296 cm-1
(   1.2078E+000,  -5.8583E-001)     (  -5.7725E-002,   7.0434E-002)     (  -2.5887E-006,  -8.5172E-006)
(  -1.2019E-002,  -1.0999E-001)     (   1.3100E+000,  -4.2679E-001)     (   2.6645E-006,   1.7596E-006)
(   2.4078E-006,   7.7573E-008)     (   1.0002E-005,   9.1904E-006)     (   6.0639E-011,  -1.4418E-010)
 
%%%%%%%%%%%%%%%%%%%%%%%%%%%%%%%%%%%%%%%%%%%%%%%%%%%%%%%%%%%%%%%%%%%%%%%%%%%%%%%%%%%%%%%%%%%%%%%%%%%%

 
total Raman tensor:
 
Raman band +004+004 =  1613.1662 cm-1
(   5.1678E-004,   6.0627E-003)     (   5.8665E-005,   5.9974E-005)     (   1.5508E-009,   6.3058E-009)
(  -1.8563E-005,   4.5258E-005)     (   3.5960E-004,   5.8767E-003)     (   6.5525E-010,  -1.2166E-008)
(   1.1054E-009,   6.9264E-009)     (  -1.1811E-009,  -7.8089E-009)     (   1.9470E-012,   1.0934E-012)
 
Raman band -004-004 = -1613.1662 cm-1
(  -1.2665E-003,  -3.9861E-003)     (  -6.0457E-004,  -3.3124E-006)     (  -1.5575E-008,  -1.9708E-008)
(   1.1056E-007,  -4.5331E-004)     (  -1.0883E-003,  -4.8889E-003)     (   2.3523E-008,   1.4192E-008)
(  -1.8318E-008,  -5.0041E-009)     (   3.3051E-008,   4.5437E-008)     (   4.2767E-012,   5.1131E-012)
 
Raman band +004-004 =     0.0000 cm-1
(  -5.6376E-003,   9.5453E-003)     (   7.6043E-005,   1.1695E-004)     (  -4.6311E-009,   1.1606E-008)
(  -1.1867E-004,   6.4855E-005)     (  -5.7949E-003,   9.2500E-003)     (   1.0650E-008,  -2.0680E-008)
(  -4.2828E-009,   1.2115E-008)     (   9.2892E-009,  -1.6000E-008)     (   3.0921E-012,   1.9789E-012)
 
Raman band -004+004 =     0.0000 cm-1
(  -1.3839E-002,  -1.8787E-003)     (  -1.8117E-004,   1.7700E-004)     (  -2.2333E-008,   4.7563E-009)
(  -5.7479E-005,  -5.3016E-005)     (  -1.4015E-002,  -2.1430E-003)     (   2.8540E-008,  -5.4633E-009)
(  -1.5581E-008,   5.5140E-009)     (   4.0659E-008,  -7.2944E-010)     (   4.1915E-012,   3.3956E-012)
 
%%%%%%%%%%%%%%%%%%%%%%%%%%%%%%%%%%%%%%%%%%%%%%%%%%%%%%%%%%%%%%%%%%%%%%%%%%%%%%%%%%%%%%%%%%%%%%%%%%%%

 
total Raman tensor:
 
Raman band +004+005 =  2152.9921 cm-1
(   9.0661E-003,   5.1769E-002)     (   1.5065E-001,   4.5345E-001)     (   9.5883E-006,  -3.4992E-006)
(  -1.5676E-001,  -3.6823E-001)     (   2.8234E-002,   4.8190E-003)     (   1.4171E-006,  -1.0887E-006)
(  -9.9477E-006,   3.9889E-006)     (   5.5011E-007,  -1.8546E-006)     (  -7.0438E-011,   1.7450E-010)
 
Raman band -004-005 = -2152.9921 cm-1
(  -1.5896E-001,   6.2085E-001)     (  -2.7011E-001,  -4.6406E+000)     (   3.5266E-005,   1.6629E-005)
(  -2.8990E-001,   3.9467E+000)     (  -1.9594E-001,   3.7221E-001)     (  -7.9018E-006,   7.6452E-006)
(  -4.4230E-005,  -1.4126E-005)     (   1.7758E-005,  -1.0705E-006)     (  -1.6712E-010,   3.9859E-010)
 
Raman band +004-005 =  -539.8259 cm-1
(   6.9540E-002,   6.1700E-002)     (  -1.4878E+000,   1.6594E+000)     (   2.7363E-005,  -8.3741E-006)
(   1.3079E+000,  -1.5757E+000)     (   1.3279E-001,   7.4077E-002)     (   2.4666E-006,  -2.2480E-007)
(  -3.0465E-005,   8.3576E-006)     (   2.8680E-006,  -3.2018E-006)     (   5.6065E-011,   1.1157E-010)
 
Raman band -004+005 =   539.8259 cm-1
(   7.0304E-002,   2.2712E-002)     (  -2.2723E+000,   1.6528E+000)     (   3.5531E-005,  -8.5608E-006)
(   1.7735E+000,  -1.4798E+000)     (   1.6882E-001,   5.3259E-002)     (   3.5755E-006,   1.5769E-006)
(  -3.7935E-005,   9.1732E-006)     (   2.4574E-006,  -4.3443E-006)     (   4.9862E-011,   8.5524E-011)
 
%%%%%%%%%%%%%%%%%%%%%%%%%%%%%%%%%%%%%%%%%%%%%%%%%%%%%%%%%%%%%%%%%%%%%%%%%%%%%%%%%%%%%%%%%%%%%%%%%%%%

 
total Raman tensor:
 
Raman band +004+006 =  2248.2334 cm-1
(   4.9937E-001,  -3.8149E+000)     (   1.4068E-001,  -1.8617E-005)     (   4.3397E-006,  -2.0005E-005)
(   5.1937E-002,  -1.6133E-001)     (   4.4467E-001,  -2.7467E+000)     (   2.9158E-005,   5.2532E-005)
(   3.6889E-006,   2.7891E-006)     (   2.4444E-005,   6.9312E-005)     (   1.0025E-009,   1.7827E-010)
 
Raman band -004-006 = -2248.2334 cm-1
(  -2.9652E+001,   2.1829E+001)     (   2.3162E+000,  -2.8031E+000)     (  -2.5840E-005,   3.9755E-004)
(   1.2152E+000,   5.2287E+000)     (  -3.3410E+001,   1.6307E+001)     (  -2.3696E-004,   1.3378E-004)
(   3.8379E-005,  -5.8697E-005)     (  -3.7988E-004,  -1.5007E-004)     (  -2.3457E-009,   9.4254E-009)
 
Raman band +004-006 =  -635.0672 cm-1
(   1.5314E+001,  -3.0474E+000)     (  -3.4447E-001,   5.5200E-002)     (   8.0592E-005,  -5.9123E-005)
(   1.1261E+000,  -1.1002E+000)     (   1.2341E+001,  -1.3610E-001)     (  -4.4867E-005,   1.4170E-004)
(   2.0826E-005,  -3.5254E-006)     (  -8.6394E-005,   2.4484E-004)     (   7.5053E-010,   1.0834E-009)
 
Raman band -004+006 =   635.0672 cm-1
(   2.3653E+001,   1.6842E+001)     (  -1.5422E+000,   1.2287E+000)     (   1.2383E-004,  -2.9530E-005)
(   2.2852E+000,  -2.0106E+000)     (   2.1293E+001,   1.9293E+001)     (  -7.3872E-005,   1.0169E-004)
(   1.8530E-005,   1.5858E-005)     (  -1.6144E-004,   2.0803E-004)     (   2.2247E-009,   1.6188E-009)
 
%%%%%%%%%%%%%%%%%%%%%%%%%%%%%%%%%%%%%%%%%%%%%%%%%%%%%%%%%%%%%%%%%%%%%%%%%%%%%%%%%%%%%%%%%%%%%%%%%%%%

 
total Raman tensor:
 
Raman band +005+001 =  1347.6437 cm-1
(   0.0000E+000,   0.0000E+000)     (   0.0000E+000,   0.0000E+000)     (   0.0000E+000,   0.0000E+000)
(   0.0000E+000,   0.0000E+000)     (   0.0000E+000,   0.0000E+000)     (   0.0000E+000,   0.0000E+000)
(   0.0000E+000,   0.0000E+000)     (   0.0000E+000,   0.0000E+000)     (   0.0000E+000,   0.0000E+000)
 
Raman band -005-001 = -1347.6437 cm-1
(   0.0000E+000,   0.0000E+000)     (   0.0000E+000,   0.0000E+000)     (   0.0000E+000,   0.0000E+000)
(   0.0000E+000,   0.0000E+000)     (   0.0000E+000,   0.0000E+000)     (   0.0000E+000,   0.0000E+000)
(   0.0000E+000,   0.0000E+000)     (   0.0000E+000,   0.0000E+000)     (   0.0000E+000,   0.0000E+000)
 
Raman band +005-001 =  1345.1743 cm-1
(   0.0000E+000,   0.0000E+000)     (   0.0000E+000,   0.0000E+000)     (   0.0000E+000,   0.0000E+000)
(   0.0000E+000,   0.0000E+000)     (   0.0000E+000,   0.0000E+000)     (   0.0000E+000,   0.0000E+000)
(   0.0000E+000,   0.0000E+000)     (   0.0000E+000,   0.0000E+000)     (   0.0000E+000,   0.0000E+000)
 
Raman band -005+001 = -1345.1743 cm-1
(   0.0000E+000,   0.0000E+000)     (   0.0000E+000,   0.0000E+000)     (   0.0000E+000,   0.0000E+000)
(   0.0000E+000,   0.0000E+000)     (   0.0000E+000,   0.0000E+000)     (   0.0000E+000,   0.0000E+000)
(   0.0000E+000,   0.0000E+000)     (   0.0000E+000,   0.0000E+000)     (   0.0000E+000,   0.0000E+000)
 
%%%%%%%%%%%%%%%%%%%%%%%%%%%%%%%%%%%%%%%%%%%%%%%%%%%%%%%%%%%%%%%%%%%%%%%%%%%%%%%%%%%%%%%%%%%%%%%%%%%%

 
total Raman tensor:
 
Raman band +005+002 =  1395.6860 cm-1
(   2.7664E+001,  -4.0817E+001)     (  -2.3322E-001,  -1.6061E-001)     (  -6.8550E-005,   4.4612E-005)
(   9.7053E-002,  -1.4586E-001)     (   5.1324E+000,  -1.6918E+001)     (   2.8465E-006,   1.0461E-004)
(  -4.6865E-005,   4.6315E-005)     (  -8.9962E-005,   4.1245E-005)     (   4.7329E-008,  -8.1009E-008)
 
Raman band -005-002 = -1395.6860 cm-1
(   1.5470E+002,  -5.8832E+001)     (   2.4818E-001,  -9.4989E-001)     (  -7.4369E-004,   4.1434E-005)
(   4.5196E-002,  -1.8975E-001)     (   5.2355E+001,  -7.1954E+000)     (  -1.3985E-004,  -3.3972E-004)
(  -3.7297E-004,   3.9520E-004)     (  -3.9279E-005,  -3.1041E-005)     (   2.3580E-007,  -3.1018E-007)
 
Raman band +005-002 =  1297.1320 cm-1
(   2.9315E+001,  -4.3350E+001)     (  -2.4129E-001,  -1.6948E-001)     (  -1.7470E-004,   3.4504E-005)
(   9.9071E-002,  -1.4986E-001)     (   5.6538E+000,  -1.8028E+001)     (   4.9560E-005,   1.1145E-004)
(   2.2116E-005,   1.2467E-004)     (  -1.1774E-004,   3.9718E-006)     (   5.4028E-008,  -9.2838E-008)
 
Raman band -005+002 = -1297.1320 cm-1
(   1.5450E+002,  -5.8726E+001)     (   2.2569E-001,  -9.6127E-001)     (  -7.3260E-004,   7.7090E-005)
(   4.6212E-002,  -1.7546E-001)     (   5.3784E+001,  -6.9869E+000)     (  -1.5907E-004,  -3.2472E-004)
(  -3.4676E-004,   4.0027E-004)     (  -3.4375E-005,  -4.5081E-005)     (   2.2975E-007,  -3.0446E-007)
 
%%%%%%%%%%%%%%%%%%%%%%%%%%%%%%%%%%%%%%%%%%%%%%%%%%%%%%%%%%%%%%%%%%%%%%%%%%%%%%%%%%%%%%%%%%%%%%%%%%%%

 
total Raman tensor:
 
Raman band +005+003 =  1426.8625 cm-1
(   5.5858E-001,  -3.6994E-001)     (  -3.3372E+002,   5.2701E+001)     (  -9.8725E-006,  -5.4302E-004)
(   3.6627E+001,  -1.7340E+002)     (   2.9273E-001,  -4.7617E-001)     (   3.7478E-004,   1.7451E-004)
(  -6.4095E-004,   6.8799E-005)     (   7.9195E-005,   1.4730E-004)     (   8.9617E-009,  -2.0524E-009)
 
Raman band -005-003 = -1426.8625 cm-1
(  -5.9410E-001,   7.9332E-002)     (   2.1479E+002,  -7.5749E+002)     (   2.4612E-003,   2.6831E-003)
(  -1.9480E+002,  -1.9688E+001)     (   2.2856E-001,  -2.0837E-001)     (  -2.4185E-003,   8.9869E-004)
(  -6.3177E-004,  -4.1968E-003)     (  -1.8046E-003,  -1.9314E-003)     (   9.1048E-008,   5.4251E-008)
 
Raman band +005-003 =  1265.9555 cm-1
(   5.9104E-001,  -3.7089E-001)     (  -3.5596E+002,   4.8682E+001)     (  -2.6107E-005,  -7.3443E-004)
(   4.5225E+001,  -1.7938E+002)     (   3.1296E-001,  -4.9031E-001)     (   3.9925E-004,   2.9635E-004)
(  -7.3484E-004,   2.2270E-004)     (   9.5856E-005,   5.5155E-005)     (   2.4099E-008,  -1.0837E-009)
 
Raman band -005+003 = -1265.9555 cm-1
(  -5.8654E-001,   2.5739E-001)     (   1.9442E+002,  -7.9516E+002)     (   2.7410E-003,   2.4275E-003)
(  -1.9483E+002,   9.8917E+000)     (   2.3559E-001,  -1.3897E-001)     (  -2.2055E-003,   1.2390E-003)
(  -1.0051E-003,  -4.1266E-003)     (  -1.9598E-003,  -1.6481E-003)     (   1.0082E-007,   4.5910E-008)
 
%%%%%%%%%%%%%%%%%%%%%%%%%%%%%%%%%%%%%%%%%%%%%%%%%%%%%%%%%%%%%%%%%%%%%%%%%%%%%%%%%%%%%%%%%%%%%%%%%%%%

 
total Raman tensor:
 
Raman band +005+004 =  2152.9921 cm-1
(  -3.1943E-002,  -7.7985E-003)     (   2.8633E-001,  -6.0492E-002)     (  -2.2175E-006,  -9.2622E-006)
(  -3.0092E-001,   1.0562E-001)     (  -2.0543E-002,  -1.2053E-002)     (  -1.3480E-006,   9.6013E-007)
(   2.0671E-006,   8.7697E-006)     (   1.5346E-008,   1.7321E-006)     (   5.0628E-011,  -1.6139E-010)
 
Raman band -005-004 = -2152.9921 cm-1
(   8.5606E-001,  -8.3800E-001)     (  -2.6449E+000,  -2.9869E+000)     (   2.4400E-005,  -1.8478E-005)
(   3.6765E+000,   2.3400E+000)     (   2.8012E-001,  -2.8496E-001)     (  -2.2952E-005,   4.3345E-006)
(   5.3478E-006,   1.2214E-005)     (  -8.9297E-006,  -2.1845E-005)     (   7.0713E-010,  -2.5067E-010)
 
Raman band +005-004 =   539.8259 cm-1
(  -7.9643E-002,   2.2087E-002)     (   6.4799E-001,   6.1886E-002)     (  -4.6000E-006,  -1.8182E-005)
(  -7.5000E-001,   4.7556E-002)     (  -3.6390E-002,  -1.7802E-002)     (  -8.3378E-007,   1.9770E-006)
(   2.4315E-006,   1.7151E-005)     (   1.0459E-007,   1.0944E-006)     (   1.8907E-010,  -1.1813E-010)
 
Raman band -005+004 =  -539.8259 cm-1
(  -1.9262E-001,  -8.5895E-001)     (  -3.7977E+000,   2.6198E+000)     (   2.3243E-005,  -5.4629E-005)
(   3.1840E+000,  -3.6404E+000)     (   6.4869E-002,  -2.5269E-001)     (  -3.0538E-007,   9.3994E-006)
(  -1.7660E-005,   3.2382E-005)     (  -1.7900E-005,   7.4003E-006)     (   1.8077E-010,  -2.4804E-010)
 
%%%%%%%%%%%%%%%%%%%%%%%%%%%%%%%%%%%%%%%%%%%%%%%%%%%%%%%%%%%%%%%%%%%%%%%%%%%%%%%%%%%%%%%%%%%%%%%%%%%%

 
total Raman tensor:
 
Raman band +005+005 =  2692.8180 cm-1
(   8.1305E+002,   8.4651E+002)     (  -3.5867E-001,  -1.0340E-001)     (   2.2997E-004,   1.3340E-003)
(  -3.1697E-002,  -2.5706E-001)     (   5.6208E+002,   6.7092E+002)     (  -5.3255E-004,  -2.8219E-004)
(   1.3437E-003,   2.3006E-004)     (   2.5212E-004,  -8.2784E-004)     (   6.4428E-007,   3.3011E-007)
 
Raman band -005-005 = -2692.8180 cm-1
(  -1.2432E+003,   3.0870E+003)     (  -1.6149E+000,  -1.3749E+000)     (   4.9276E-003,  -1.1102E-002)
(   3.9860E-001,  -1.3987E+000)     (  -1.6147E+003,   1.2344E+003)     (  -8.8087E-003,   2.3171E-002)
(  -3.2057E-003,  -7.6321E-003)     (  -1.7817E-002,   2.4064E-002)     (   6.6526E-006,   6.1942E-006)
 
Raman band +005-005 =     0.0000 cm-1
(   1.1128E+003,   2.2372E+003)     (  -7.5388E-001,  -6.4303E-001)     (  -1.6923E-003,  -3.1879E-004)
(   4.1902E-002,  -3.6093E-001)     (   5.6764E+002,   1.7664E+003)     (   5.4105E-004,   2.9674E-004)
(  -3.3685E-004,   3.2825E-003)     (   3.9633E-003,  -3.1068E-003)     (   2.3614E-006,   1.1975E-006)
 
Raman band -005+005 =     0.0000 cm-1
(  -3.1250E+002,   3.6482E+003)     (  -3.0980E-001,  -9.8623E-001)     (  -1.0193E-002,  -3.3976E-003)
(  -2.9000E-001,  -7.4497E-001)     (  -1.1179E+003,   2.4489E+003)     (   1.0479E-002,   6.4037E-004)
(  -5.4137E-003,   3.6918E-003)     (   1.4821E-002,   5.7835E-003)     (   4.5981E-006,   2.9817E-006)
 
%%%%%%%%%%%%%%%%%%%%%%%%%%%%%%%%%%%%%%%%%%%%%%%%%%%%%%%%%%%%%%%%%%%%%%%%%%%%%%%%%%%%%%%%%%%%%%%%%%%%

 
total Raman tensor:
 
Raman band +005+006 =  2788.0593 cm-1
(   5.8401E+000,   1.0825E+001)     (   9.7932E+002,  -7.1274E+003)     (   8.6004E-003,   1.6746E-003)
(   4.0183E+003,   1.7500E+003)     (   9.4316E+000,   8.2206E+000)     (  -4.5296E-003,   5.1169E-003)
(   2.7318E-003,  -1.1096E-002)     (  -5.7300E-003,   1.7448E-004)     (   8.4114E-007,  -1.5197E-006)
 
Raman band -005-006 = -2788.0593 cm-1
(  -4.7491E+001,   4.6704E+001)     (   1.2586E+004,   1.3438E+004)     (  -8.5637E-002,  -7.3520E-002)
(   7.6194E+003,  -1.3490E+003)     (  -2.3506E+001,   3.5575E+001)     (   6.8653E-002,   1.6092E-002)
(   7.2167E-002,   5.9820E-002)     (   6.5946E-002,   6.7322E-002)     (   4.0419E-006,   2.1920E-006)
 
Raman band +005-006 =   -95.2413 cm-1
(   4.9010E+000,   2.2284E+001)     (   1.3603E+004,  -1.5687E+004)     (   2.9950E-002,   1.8576E-002)
(   8.6684E+002,   7.3866E+003)     (   1.3670E+001,   2.2188E+001)     (  -2.7331E-002,   4.9543E-003)
(   8.0436E-003,  -3.4643E-002)     (  -4.0662E-003,  -6.8664E-003)     (   2.1841E-007,   1.0646E-006)
 
Raman band -005+006 =    95.2413 cm-1
(  -3.0073E-001,   4.8826E+001)     (   3.0848E+004,   6.4144E+002)     (  -3.0457E-002,   8.7547E-002)
(  -4.9432E+003,   4.2885E+002)     (   2.1403E+000,   4.6156E+001)     (  -3.1335E-002,  -2.3881E-002)
(   7.8473E-002,  -6.1384E-002)     (   1.3581E-002,  -5.2452E-002)     (  -3.5586E-007,   3.3074E-006)
 
%%%%%%%%%%%%%%%%%%%%%%%%%%%%%%%%%%%%%%%%%%%%%%%%%%%%%%%%%%%%%%%%%%%%%%%%%%%%%%%%%%%%%%%%%%%%%%%%%%%%

 
total Raman tensor:
 
Raman band +006+001 =  1442.8850 cm-1
(   0.0000E+000,   0.0000E+000)     (   0.0000E+000,   0.0000E+000)     (   0.0000E+000,   0.0000E+000)
(   0.0000E+000,   0.0000E+000)     (   0.0000E+000,   0.0000E+000)     (   0.0000E+000,   0.0000E+000)
(   0.0000E+000,   0.0000E+000)     (   0.0000E+000,   0.0000E+000)     (   0.0000E+000,   0.0000E+000)
 
Raman band -006-001 = -1442.8850 cm-1
(   0.0000E+000,   0.0000E+000)     (   0.0000E+000,   0.0000E+000)     (   0.0000E+000,   0.0000E+000)
(   0.0000E+000,   0.0000E+000)     (   0.0000E+000,   0.0000E+000)     (   0.0000E+000,   0.0000E+000)
(   0.0000E+000,   0.0000E+000)     (   0.0000E+000,   0.0000E+000)     (   0.0000E+000,   0.0000E+000)
 
Raman band +006-001 =  1440.4156 cm-1
(   0.0000E+000,   0.0000E+000)     (   0.0000E+000,   0.0000E+000)     (   0.0000E+000,   0.0000E+000)
(   0.0000E+000,   0.0000E+000)     (   0.0000E+000,   0.0000E+000)     (   0.0000E+000,   0.0000E+000)
(   0.0000E+000,   0.0000E+000)     (   0.0000E+000,   0.0000E+000)     (   0.0000E+000,   0.0000E+000)
 
Raman band -006+001 = -1440.4156 cm-1
(   0.0000E+000,   0.0000E+000)     (   0.0000E+000,   0.0000E+000)     (   0.0000E+000,   0.0000E+000)
(   0.0000E+000,   0.0000E+000)     (   0.0000E+000,   0.0000E+000)     (   0.0000E+000,   0.0000E+000)
(   0.0000E+000,   0.0000E+000)     (   0.0000E+000,   0.0000E+000)     (   0.0000E+000,   0.0000E+000)
 
%%%%%%%%%%%%%%%%%%%%%%%%%%%%%%%%%%%%%%%%%%%%%%%%%%%%%%%%%%%%%%%%%%%%%%%%%%%%%%%%%%%%%%%%%%%%%%%%%%%%

 
total Raman tensor:
 
Raman band +006+002 =  1490.9273 cm-1
(   5.0175E+000,  -9.1113E-001)     (   9.4008E+001,  -9.3305E+000)     (  -5.7265E-004,   1.5779E-004)
(   1.4583E+002,   1.5490E+002)     (   4.9713E+000,   7.0868E-001)     (  -3.5448E-004,  -6.6048E-004)
(   7.4009E-004,  -3.0214E-004)     (  -6.4945E-004,  -1.7059E-004)     (   3.1165E-008,   2.1263E-008)
 
Raman band -006-002 = -1490.9273 cm-1
(   4.4601E+000,   1.0475E+001)     (   8.7157E+002,   8.3289E+002)     (   1.1171E-003,  -8.9312E-003)
(  -4.9210E+002,  -4.6720E+001)     (   9.1613E-001,   1.1572E+001)     (   2.6896E-003,   2.1547E-003)
(  -1.0498E-003,  -2.6304E-003)     (   2.4899E-004,   3.2756E-003)     (  -1.9061E-007,   3.9420E-008)
 
Raman band +006-002 =  1392.3733 cm-1
(   5.1421E+000,  -8.8338E-001)     (   9.5549E+001,  -9.7583E+000)     (  -5.8634E-004,   1.5466E-004)
(   1.4887E+002,   1.5938E+002)     (   5.0839E+000,   7.7464E-001)     (  -3.5825E-004,  -6.7950E-004)
(   7.5250E-004,  -2.9654E-004)     (  -6.5661E-004,  -1.8113E-004)     (   3.1930E-008,   2.2193E-008)
 
Raman band -006+002 = -1392.3733 cm-1
(   4.6862E+000,   1.0567E+001)     (   9.0282E+002,   7.9468E+002)     (   4.4030E-004,  -8.6370E-003)
(  -5.3374E+002,  -1.4897E+001)     (   1.0882E+000,   1.1706E+001)     (   2.8398E-003,   1.8590E-003)
(  -1.1193E-003,  -2.3724E-003)     (   5.7935E-004,   3.0629E-003)     (  -1.9097E-007,   3.7660E-008)
 
%%%%%%%%%%%%%%%%%%%%%%%%%%%%%%%%%%%%%%%%%%%%%%%%%%%%%%%%%%%%%%%%%%%%%%%%%%%%%%%%%%%%%%%%%%%%%%%%%%%%

 
total Raman tensor:
 
Raman band +006+003 =  1522.1038 cm-1
(   7.9337E+003,  -6.7225E+003)     (  -2.2821E-002,   1.2267E+000)     (   5.5283E-003,  -1.0511E-003)
(  -7.7541E-001,   1.1284E-002)     (   8.0306E+003,  -6.5380E+003)     (  -1.0436E-002,   3.4227E-003)
(   6.9592E-003,  -2.0849E-003)     (  -6.2688E-003,   2.4497E-003)     (   3.6262E-007,  -2.9222E-006)
 
Raman band -006-003 = -1522.1038 cm-1
(  -8.0603E+003,   1.2857E+004)     (   1.0518E+000,  -1.4691E+001)     (  -7.1317E-002,   6.1366E-002)
(   1.7321E+000,  -6.1127E-001)     (  -8.5558E+003,   1.2504E+004)     (   1.0479E-001,  -7.9109E-002)
(  -6.6201E-002,   5.0524E-002)     (   1.0631E-001,  -7.1180E-002)     (   5.5264E-006,  -8.9353E-006)
 
Raman band +006-003 =  1361.1968 cm-1
(   8.5646E+003,  -6.8559E+003)     (  -5.7861E-002,   1.3188E+000)     (   5.4448E-003,  -8.8987E-004)
(  -8.3268E-001,  -2.1003E-002)     (   8.6611E+003,  -6.6602E+003)     (  -1.1590E-002,   3.2517E-003)
(   7.9945E-003,  -1.9079E-003)     (  -6.5362E-003,   2.0211E-003)     (   3.8586E-007,  -3.1616E-006)
 
Raman band -006+003 = -1361.1968 cm-1
(  -8.0187E+003,   1.4102E+004)     (  -6.4298E-001,  -1.4795E+001)     (  -6.3216E-002,   6.7974E-002)
(   1.8443E+000,  -5.7249E-001)     (  -8.5389E+003,   1.3794E+004)     (   9.2678E-002,  -8.9827E-002)
(  -5.8753E-002,   5.7094E-002)     (   9.5294E-002,  -8.2119E-002)     (   5.3708E-006,  -8.8292E-006)
 
%%%%%%%%%%%%%%%%%%%%%%%%%%%%%%%%%%%%%%%%%%%%%%%%%%%%%%%%%%%%%%%%%%%%%%%%%%%%%%%%%%%%%%%%%%%%%%%%%%%%

 
total Raman tensor:
 
Raman band +006+004 =  2248.2334 cm-1
(   1.7678E+000,  -9.5122E-001)     (  -4.2393E-002,  -1.8827E-003)     (   1.6037E-005,  -1.4460E-005)
(   2.1289E-001,  -1.6753E-001)     (   1.8044E+000,  -2.9110E-001)     (   3.2227E-005,   2.1751E-005)
(  -1.6234E-006,   4.2492E-006)     (   1.7752E-005,   5.6151E-005)     (   7.3794E-010,   2.8766E-010)
 
Raman band -006-004 = -2248.2334 cm-1
(   7.9562E+000,  -1.2769E+001)     (   6.3713E+000,   2.8407E+000)     (  -9.7437E-005,  -4.0217E-005)
(  -1.3054E+000,   1.4001E+000)     (   4.0320E+000,  -2.4025E+001)     (  -5.4837E-004,  -7.5106E-005)
(   1.3585E-004,   4.0360E-004)     (  -4.2165E-004,   1.4895E-004)     (   4.5761E-010,   5.8708E-009)
 
Raman band +006-004 =   635.0672 cm-1
(   4.1641E+000,  -1.0766E+000)     (  -2.0197E-001,   2.0951E-002)     (   1.7103E-005,  -1.4372E-005)
(   3.5297E-001,  -3.5935E-001)     (   3.9414E+000,   2.8108E-001)     (   2.8624E-005,   3.1068E-005)
(   1.4739E-005,  -5.0337E-007)     (   1.6158E-005,   8.4873E-005)     (  -1.2099E-010,  -2.1932E-009)
 
Raman band -006+004 =  -635.0672 cm-1
(  -1.0533E+001,  -1.8496E+001)     (   4.4598E+000,  -2.7006E+000)     (  -1.0021E-005,   1.6258E-004)
(  -4.1742E-001,   1.6437E+000)     (  -2.1381E+001,  -1.9731E+001)     (  -2.5079E-004,   3.7579E-004)
(   2.4795E-004,  -9.7679E-005)     (  -1.7159E-004,   1.8308E-004)     (   3.8306E-009,   9.2621E-010)
 
%%%%%%%%%%%%%%%%%%%%%%%%%%%%%%%%%%%%%%%%%%%%%%%%%%%%%%%%%%%%%%%%%%%%%%%%%%%%%%%%%%%%%%%%%%%%%%%%%%%%

 
total Raman tensor:
 
Raman band +006+005 =  2788.0593 cm-1
(   1.2944E+001,   7.5940E+000)     (  -1.3876E+003,   6.9487E+003)     (  -8.7288E-003,  -2.2054E-003)
(  -3.6060E+003,  -1.8983E+003)     (   9.3868E+000,   9.9932E+000)     (   3.7050E-003,  -5.9648E-003)
(  -3.6667E-003,   1.0645E-002)     (   4.6272E-003,  -6.6285E-004)     (  -6.4016E-007,   1.6014E-006)
 
Raman band -006-005 = -2788.0593 cm-1
(  -2.0621E+000,   1.5880E+001)     (  -1.0692E+004,  -1.3036E+004)     (   9.6194E-002,   7.8827E-002)
(  -7.7413E+003,   1.7157E+003)     (  -2.8811E+001,   2.4301E+001)     (  -6.8037E-002,  -1.1826E-002)
(  -5.8382E-002,  -9.3168E-002)     (  -6.8137E-002,  -6.9747E-002)     (  -4.4756E-006,  -1.5647E-006)
 
Raman band +006-005 =    95.2413 cm-1
(   2.3265E+001,   2.6500E+001)     (  -1.1646E+004,   1.4750E+004)     (  -2.9326E-002,  -1.5100E-002)
(  -1.3164E+003,  -6.9212E+003)     (   1.4075E+001,   2.7149E+001)     (   2.3323E-002,  -9.6091E-003)
(  -6.5960E-003,   3.1084E-002)     (   2.9895E-003,   2.8998E-003)     (  -1.8610E-007,  -4.0905E-007)
 
Raman band -006+005 =   -95.2413 cm-1
(  -1.9822E+001,   4.9835E+001)     (  -2.9424E+004,  -6.9199E+003)     (   5.3531E-002,  -8.7057E-002)
(   4.8097E+003,   3.3592E+003)     (  -1.9155E+001,   5.0066E+001)     (   3.8380E-002,   2.7869E-002)
(  -1.0603E-001,   4.8194E-002)     (  -2.5520E-002,   5.0589E-002)     (   6.7358E-007,  -3.0452E-006)
 
%%%%%%%%%%%%%%%%%%%%%%%%%%%%%%%%%%%%%%%%%%%%%%%%%%%%%%%%%%%%%%%%%%%%%%%%%%%%%%%%%%%%%%%%%%%%%%%%%%%%

 
total Raman tensor:
 
Raman band +006+006 =  2883.3006 cm-1
(   8.9203E+004,   2.2525E+005)     (   4.9579E-001,  -6.4913E+000)     (   1.4124E-002,   1.3670E-001)
(   3.3800E+000,  -4.0979E+000)     (   8.8025E+004,   2.2283E+005)     (  -1.2757E-003,  -2.0927E-001)
(   1.0915E-003,   1.3271E-001)     (  -2.5703E-002,  -2.0235E-001)     (   3.7055E-005,   2.4895E-005)
 
Raman band -006-006 = -2883.3006 cm-1
(  -1.0417E+005,  -3.0823E+005)     (  -7.8860E+001,  -3.6168E+001)     (   1.6678E+000,  -2.0563E+000)
(  -1.9066E+001,   2.2136E+001)     (  -1.0326E+005,  -3.0432E+005)     (  -2.7450E+000,   2.7202E+000)
(   1.7329E+000,  -1.4596E+000)     (  -2.7107E+000,   2.5053E+000)     (   2.3779E-004,   3.4279E-004)
 
Raman band +006-006 =     0.0000 cm-1
(  -1.7734E+005,   5.8951E+005)     (   1.8735E+001,  -2.2023E+001)     (  -2.1435E-001,   3.9534E-001)
(   2.1096E+001,  -6.4475E+000)     (  -1.7822E+005,   5.8310E+005)     (   4.4268E-001,  -7.2581E-001)
(  -2.8971E-001,   4.6569E-001)     (   3.2891E-001,  -5.9864E-001)     (   1.2416E-004,   8.6503E-005)
 
Raman band -006+006 =     0.0000 cm-1
(  -8.0844E+005,  -1.6108E+005)     (   1.2498E+001,   8.4634E+001)     (  -1.7930E+000,  -7.2752E-001)
(   6.3822E+001,   2.5995E+001)     (  -8.0061E+005,  -1.5657E+005)     (   2.4539E+000,   1.0384E+000)
(  -1.4152E+000,  -7.2226E-001)     (   2.3624E+000,   1.0465E+000)     (   2.0344E-004,   2.2121E-004)
 
%%%%%%%%%%%%%%%%%%%%%%%%%%%%%%%%%%%%%%%%%%%%%%%%%%%%%%%%%%%%%%%%%%%%%%%%%%%%%%%%%%%%%%%%%%%%%%%%%%%%

 
