The Raman tensors are listed in a branch-resolved way
 
total Raman tensor:
 
Raman band +001+001 =    -0.2313 cm-1
(   0.0000E+000,   0.0000E+000)     (   0.0000E+000,   0.0000E+000)     (   0.0000E+000,   0.0000E+000)
(   0.0000E+000,   0.0000E+000)     (   0.0000E+000,   0.0000E+000)     (   0.0000E+000,   0.0000E+000)
(   0.0000E+000,   0.0000E+000)     (   0.0000E+000,   0.0000E+000)     (   0.0000E+000,   0.0000E+000)
 
Raman band -001-001 =     0.2313 cm-1
(   0.0000E+000,   0.0000E+000)     (   0.0000E+000,   0.0000E+000)     (   0.0000E+000,   0.0000E+000)
(   0.0000E+000,   0.0000E+000)     (   0.0000E+000,   0.0000E+000)     (   0.0000E+000,   0.0000E+000)
(   0.0000E+000,   0.0000E+000)     (   0.0000E+000,   0.0000E+000)     (   0.0000E+000,   0.0000E+000)
 
Raman band +001-001 =     0.0000 cm-1
(   0.0000E+000,   0.0000E+000)     (   0.0000E+000,   0.0000E+000)     (   0.0000E+000,   0.0000E+000)
(   0.0000E+000,   0.0000E+000)     (   0.0000E+000,   0.0000E+000)     (   0.0000E+000,   0.0000E+000)
(   0.0000E+000,   0.0000E+000)     (   0.0000E+000,   0.0000E+000)     (   0.0000E+000,   0.0000E+000)
 
Raman band -001+001 =     0.0000 cm-1
(   0.0000E+000,   0.0000E+000)     (   0.0000E+000,   0.0000E+000)     (   0.0000E+000,   0.0000E+000)
(   0.0000E+000,   0.0000E+000)     (   0.0000E+000,   0.0000E+000)     (   0.0000E+000,   0.0000E+000)
(   0.0000E+000,   0.0000E+000)     (   0.0000E+000,   0.0000E+000)     (   0.0000E+000,   0.0000E+000)
 
%%%%%%%%%%%%%%%%%%%%%%%%%%%%%%%%%%%%%%%%%%%%%%%%%%%%%%%%%%%%%%%%%%%%%%%%%%%%%%%%%%%%%%%%%%%%%%%%%%%%

 
total Raman tensor:
 
Raman band +001+002 =    24.4978 cm-1
(   0.0000E+000,   0.0000E+000)     (   0.0000E+000,   0.0000E+000)     (   0.0000E+000,   0.0000E+000)
(   0.0000E+000,   0.0000E+000)     (   0.0000E+000,   0.0000E+000)     (   0.0000E+000,   0.0000E+000)
(   0.0000E+000,   0.0000E+000)     (   0.0000E+000,   0.0000E+000)     (   0.0000E+000,   0.0000E+000)
 
Raman band -001-002 =   -24.4978 cm-1
(   0.0000E+000,   0.0000E+000)     (   0.0000E+000,   0.0000E+000)     (   0.0000E+000,   0.0000E+000)
(   0.0000E+000,   0.0000E+000)     (   0.0000E+000,   0.0000E+000)     (   0.0000E+000,   0.0000E+000)
(   0.0000E+000,   0.0000E+000)     (   0.0000E+000,   0.0000E+000)     (   0.0000E+000,   0.0000E+000)
 
Raman band +001-002 =   -24.7290 cm-1
(   0.0000E+000,   0.0000E+000)     (   0.0000E+000,   0.0000E+000)     (   0.0000E+000,   0.0000E+000)
(   0.0000E+000,   0.0000E+000)     (   0.0000E+000,   0.0000E+000)     (   0.0000E+000,   0.0000E+000)
(   0.0000E+000,   0.0000E+000)     (   0.0000E+000,   0.0000E+000)     (   0.0000E+000,   0.0000E+000)
 
Raman band -001+002 =    24.7290 cm-1
(   0.0000E+000,   0.0000E+000)     (   0.0000E+000,   0.0000E+000)     (   0.0000E+000,   0.0000E+000)
(   0.0000E+000,   0.0000E+000)     (   0.0000E+000,   0.0000E+000)     (   0.0000E+000,   0.0000E+000)
(   0.0000E+000,   0.0000E+000)     (   0.0000E+000,   0.0000E+000)     (   0.0000E+000,   0.0000E+000)
 
%%%%%%%%%%%%%%%%%%%%%%%%%%%%%%%%%%%%%%%%%%%%%%%%%%%%%%%%%%%%%%%%%%%%%%%%%%%%%%%%%%%%%%%%%%%%%%%%%%%%

 
total Raman tensor:
 
Raman band +001+003 =    40.1240 cm-1
(   0.0000E+000,   0.0000E+000)     (   0.0000E+000,   0.0000E+000)     (   0.0000E+000,   0.0000E+000)
(   0.0000E+000,   0.0000E+000)     (   0.0000E+000,   0.0000E+000)     (   0.0000E+000,   0.0000E+000)
(   0.0000E+000,   0.0000E+000)     (   0.0000E+000,   0.0000E+000)     (   0.0000E+000,   0.0000E+000)
 
Raman band -001-003 =   -40.1240 cm-1
(   0.0000E+000,   0.0000E+000)     (   0.0000E+000,   0.0000E+000)     (   0.0000E+000,   0.0000E+000)
(   0.0000E+000,   0.0000E+000)     (   0.0000E+000,   0.0000E+000)     (   0.0000E+000,   0.0000E+000)
(   0.0000E+000,   0.0000E+000)     (   0.0000E+000,   0.0000E+000)     (   0.0000E+000,   0.0000E+000)
 
Raman band +001-003 =   -40.3553 cm-1
(   0.0000E+000,   0.0000E+000)     (   0.0000E+000,   0.0000E+000)     (   0.0000E+000,   0.0000E+000)
(   0.0000E+000,   0.0000E+000)     (   0.0000E+000,   0.0000E+000)     (   0.0000E+000,   0.0000E+000)
(   0.0000E+000,   0.0000E+000)     (   0.0000E+000,   0.0000E+000)     (   0.0000E+000,   0.0000E+000)
 
Raman band -001+003 =    40.3553 cm-1
(   0.0000E+000,   0.0000E+000)     (   0.0000E+000,   0.0000E+000)     (   0.0000E+000,   0.0000E+000)
(   0.0000E+000,   0.0000E+000)     (   0.0000E+000,   0.0000E+000)     (   0.0000E+000,   0.0000E+000)
(   0.0000E+000,   0.0000E+000)     (   0.0000E+000,   0.0000E+000)     (   0.0000E+000,   0.0000E+000)
 
%%%%%%%%%%%%%%%%%%%%%%%%%%%%%%%%%%%%%%%%%%%%%%%%%%%%%%%%%%%%%%%%%%%%%%%%%%%%%%%%%%%%%%%%%%%%%%%%%%%%

 
total Raman tensor:
 
Raman band +001+004 =   807.8958 cm-1
(   0.0000E+000,   0.0000E+000)     (   0.0000E+000,   0.0000E+000)     (   0.0000E+000,   0.0000E+000)
(   0.0000E+000,   0.0000E+000)     (   0.0000E+000,   0.0000E+000)     (   0.0000E+000,   0.0000E+000)
(   0.0000E+000,   0.0000E+000)     (   0.0000E+000,   0.0000E+000)     (   0.0000E+000,   0.0000E+000)
 
Raman band -001-004 =  -807.8958 cm-1
(   0.0000E+000,   0.0000E+000)     (   0.0000E+000,   0.0000E+000)     (   0.0000E+000,   0.0000E+000)
(   0.0000E+000,   0.0000E+000)     (   0.0000E+000,   0.0000E+000)     (   0.0000E+000,   0.0000E+000)
(   0.0000E+000,   0.0000E+000)     (   0.0000E+000,   0.0000E+000)     (   0.0000E+000,   0.0000E+000)
 
Raman band +001-004 =  -808.1271 cm-1
(   0.0000E+000,   0.0000E+000)     (   0.0000E+000,   0.0000E+000)     (   0.0000E+000,   0.0000E+000)
(   0.0000E+000,   0.0000E+000)     (   0.0000E+000,   0.0000E+000)     (   0.0000E+000,   0.0000E+000)
(   0.0000E+000,   0.0000E+000)     (   0.0000E+000,   0.0000E+000)     (   0.0000E+000,   0.0000E+000)
 
Raman band -001+004 =   808.1271 cm-1
(   0.0000E+000,   0.0000E+000)     (   0.0000E+000,   0.0000E+000)     (   0.0000E+000,   0.0000E+000)
(   0.0000E+000,   0.0000E+000)     (   0.0000E+000,   0.0000E+000)     (   0.0000E+000,   0.0000E+000)
(   0.0000E+000,   0.0000E+000)     (   0.0000E+000,   0.0000E+000)     (   0.0000E+000,   0.0000E+000)
 
%%%%%%%%%%%%%%%%%%%%%%%%%%%%%%%%%%%%%%%%%%%%%%%%%%%%%%%%%%%%%%%%%%%%%%%%%%%%%%%%%%%%%%%%%%%%%%%%%%%%

 
total Raman tensor:
 
Raman band +001+005 =  1346.8892 cm-1
(   0.0000E+000,   0.0000E+000)     (   0.0000E+000,   0.0000E+000)     (   0.0000E+000,   0.0000E+000)
(   0.0000E+000,   0.0000E+000)     (   0.0000E+000,   0.0000E+000)     (   0.0000E+000,   0.0000E+000)
(   0.0000E+000,   0.0000E+000)     (   0.0000E+000,   0.0000E+000)     (   0.0000E+000,   0.0000E+000)
 
Raman band -001-005 = -1346.8892 cm-1
(   0.0000E+000,   0.0000E+000)     (   0.0000E+000,   0.0000E+000)     (   0.0000E+000,   0.0000E+000)
(   0.0000E+000,   0.0000E+000)     (   0.0000E+000,   0.0000E+000)     (   0.0000E+000,   0.0000E+000)
(   0.0000E+000,   0.0000E+000)     (   0.0000E+000,   0.0000E+000)     (   0.0000E+000,   0.0000E+000)
 
Raman band +001-005 = -1347.1205 cm-1
(   0.0000E+000,   0.0000E+000)     (   0.0000E+000,   0.0000E+000)     (   0.0000E+000,   0.0000E+000)
(   0.0000E+000,   0.0000E+000)     (   0.0000E+000,   0.0000E+000)     (   0.0000E+000,   0.0000E+000)
(   0.0000E+000,   0.0000E+000)     (   0.0000E+000,   0.0000E+000)     (   0.0000E+000,   0.0000E+000)
 
Raman band -001+005 =  1347.1205 cm-1
(   0.0000E+000,   0.0000E+000)     (   0.0000E+000,   0.0000E+000)     (   0.0000E+000,   0.0000E+000)
(   0.0000E+000,   0.0000E+000)     (   0.0000E+000,   0.0000E+000)     (   0.0000E+000,   0.0000E+000)
(   0.0000E+000,   0.0000E+000)     (   0.0000E+000,   0.0000E+000)     (   0.0000E+000,   0.0000E+000)
 
%%%%%%%%%%%%%%%%%%%%%%%%%%%%%%%%%%%%%%%%%%%%%%%%%%%%%%%%%%%%%%%%%%%%%%%%%%%%%%%%%%%%%%%%%%%%%%%%%%%%

 
total Raman tensor:
 
Raman band +001+006 =  1405.7302 cm-1
(   0.0000E+000,   0.0000E+000)     (   0.0000E+000,   0.0000E+000)     (   0.0000E+000,   0.0000E+000)
(   0.0000E+000,   0.0000E+000)     (   0.0000E+000,   0.0000E+000)     (   0.0000E+000,   0.0000E+000)
(   0.0000E+000,   0.0000E+000)     (   0.0000E+000,   0.0000E+000)     (   0.0000E+000,   0.0000E+000)
 
Raman band -001-006 = -1405.7302 cm-1
(   0.0000E+000,   0.0000E+000)     (   0.0000E+000,   0.0000E+000)     (   0.0000E+000,   0.0000E+000)
(   0.0000E+000,   0.0000E+000)     (   0.0000E+000,   0.0000E+000)     (   0.0000E+000,   0.0000E+000)
(   0.0000E+000,   0.0000E+000)     (   0.0000E+000,   0.0000E+000)     (   0.0000E+000,   0.0000E+000)
 
Raman band +001-006 = -1405.9614 cm-1
(   0.0000E+000,   0.0000E+000)     (   0.0000E+000,   0.0000E+000)     (   0.0000E+000,   0.0000E+000)
(   0.0000E+000,   0.0000E+000)     (   0.0000E+000,   0.0000E+000)     (   0.0000E+000,   0.0000E+000)
(   0.0000E+000,   0.0000E+000)     (   0.0000E+000,   0.0000E+000)     (   0.0000E+000,   0.0000E+000)
 
Raman band -001+006 =  1405.9614 cm-1
(   0.0000E+000,   0.0000E+000)     (   0.0000E+000,   0.0000E+000)     (   0.0000E+000,   0.0000E+000)
(   0.0000E+000,   0.0000E+000)     (   0.0000E+000,   0.0000E+000)     (   0.0000E+000,   0.0000E+000)
(   0.0000E+000,   0.0000E+000)     (   0.0000E+000,   0.0000E+000)     (   0.0000E+000,   0.0000E+000)
 
%%%%%%%%%%%%%%%%%%%%%%%%%%%%%%%%%%%%%%%%%%%%%%%%%%%%%%%%%%%%%%%%%%%%%%%%%%%%%%%%%%%%%%%%%%%%%%%%%%%%

 
total Raman tensor:
 
Raman band +002+001 =    24.4978 cm-1
(   0.0000E+000,   0.0000E+000)     (   0.0000E+000,   0.0000E+000)     (   0.0000E+000,   0.0000E+000)
(   0.0000E+000,   0.0000E+000)     (   0.0000E+000,   0.0000E+000)     (   0.0000E+000,   0.0000E+000)
(   0.0000E+000,   0.0000E+000)     (   0.0000E+000,   0.0000E+000)     (   0.0000E+000,   0.0000E+000)
 
Raman band -002-001 =   -24.4978 cm-1
(   0.0000E+000,   0.0000E+000)     (   0.0000E+000,   0.0000E+000)     (   0.0000E+000,   0.0000E+000)
(   0.0000E+000,   0.0000E+000)     (   0.0000E+000,   0.0000E+000)     (   0.0000E+000,   0.0000E+000)
(   0.0000E+000,   0.0000E+000)     (   0.0000E+000,   0.0000E+000)     (   0.0000E+000,   0.0000E+000)
 
Raman band +002-001 =    24.7290 cm-1
(   0.0000E+000,   0.0000E+000)     (   0.0000E+000,   0.0000E+000)     (   0.0000E+000,   0.0000E+000)
(   0.0000E+000,   0.0000E+000)     (   0.0000E+000,   0.0000E+000)     (   0.0000E+000,   0.0000E+000)
(   0.0000E+000,   0.0000E+000)     (   0.0000E+000,   0.0000E+000)     (   0.0000E+000,   0.0000E+000)
 
Raman band -002+001 =   -24.7290 cm-1
(   0.0000E+000,   0.0000E+000)     (   0.0000E+000,   0.0000E+000)     (   0.0000E+000,   0.0000E+000)
(   0.0000E+000,   0.0000E+000)     (   0.0000E+000,   0.0000E+000)     (   0.0000E+000,   0.0000E+000)
(   0.0000E+000,   0.0000E+000)     (   0.0000E+000,   0.0000E+000)     (   0.0000E+000,   0.0000E+000)
 
%%%%%%%%%%%%%%%%%%%%%%%%%%%%%%%%%%%%%%%%%%%%%%%%%%%%%%%%%%%%%%%%%%%%%%%%%%%%%%%%%%%%%%%%%%%%%%%%%%%%

 
total Raman tensor:
 
Raman band +002+002 =    49.2268 cm-1
(   2.5933E+000,   3.1443E+000)     (   1.4769E-002,   8.1961E-003)     (  -1.4243E-005,  -8.9099E-006)
(   1.1270E-002,   4.3290E-003)     (   7.1043E-001,   2.3513E+000)     (   1.0961E-006,   1.6445E-006)
(  -1.7298E-005,  -2.8075E-006)     (   6.3885E-006,  -5.6101E-006)     (   8.9696E-009,   3.9961E-009)
 
Raman band -002-002 =   -49.2268 cm-1
(   2.6082E+000,   3.1393E+000)     (   1.5063E-002,   9.0009E-003)     (  -1.4822E-005,  -9.3969E-006)
(   1.2136E-002,   4.2061E-003)     (   6.2267E-001,   2.3080E+000)     (   1.2950E-006,   1.8931E-006)
(  -1.7941E-005,  -3.0290E-006)     (   7.0797E-006,  -5.7136E-006)     (   9.2408E-009,   4.1584E-009)
 
Raman band +002-002 =     0.0000 cm-1
(   2.6000E+000,   3.1474E+000)     (   1.4908E-002,   8.4008E-003)     (  -1.4330E-005,  -9.3803E-006)
(   1.1557E-002,   4.3618E-003)     (   6.8059E-001,   2.3409E+000)     (   1.0452E-006,   1.9486E-006)
(  -1.7605E-005,  -2.5599E-006)     (   6.6450E-006,  -5.9058E-006)     (   9.0662E-009,   4.0515E-009)
 
Raman band -002+002 =     0.0000 cm-1
(   2.6295E+000,   3.1536E+000)     (   1.5057E-002,   8.8246E-003)     (  -1.4650E-005,  -9.2838E-006)
(   1.1943E-002,   4.2098E-003)     (   6.6171E-001,   2.3299E+000)     (   1.2606E-006,   1.8492E-006)
(  -1.7777E-005,  -2.9186E-006)     (   6.8941E-006,  -5.7025E-006)     (   9.1719E-009,   4.1105E-009)
 
%%%%%%%%%%%%%%%%%%%%%%%%%%%%%%%%%%%%%%%%%%%%%%%%%%%%%%%%%%%%%%%%%%%%%%%%%%%%%%%%%%%%%%%%%%%%%%%%%%%%

 
total Raman tensor:
 
Raman band +002+003 =    64.8530 cm-1
(  -3.2000E-001,   3.5165E-002)     (  -8.6603E+000,   1.4870E+001)     (  -3.8777E-005,  -1.9718E-005)
(   1.3530E+001,  -2.1815E+000)     (  -2.7496E-001,   5.3899E-002)     (   6.1548E-005,  -9.5653E-006)
(   5.0966E-007,  -2.1154E-005)     (   3.2399E-005,   1.0986E-005)     (  -3.3191E-009,  -2.6165E-009)
 
Raman band -002-003 =   -64.8530 cm-1
(  -3.3603E-001,   1.6540E-002)     (  -1.0529E+001,   1.5228E+001)     (  -3.6382E-005,  -2.1769E-005)
(   1.6542E+001,  -7.9368E-001)     (  -2.8491E-001,   4.5025E-002)     (   6.6165E-005,  -7.5947E-006)
(  -3.5947E-007,  -2.1027E-005)     (   3.2385E-005,   1.3668E-005)     (  -3.4884E-009,  -2.6645E-009)
 
Raman band +002-003 =   -15.6262 cm-1
(  -3.2742E-001,   2.6980E-002)     (  -9.3779E+000,   1.5045E+001)     (  -3.8973E-005,  -2.0464E-005)
(   1.4770E+001,  -1.6254E+000)     (  -2.8026E-001,   4.7555E-002)     (   6.4093E-005,  -8.9811E-006)
(   1.4882E-006,  -2.0918E-005)     (   3.1967E-005,   1.1813E-005)     (  -3.3867E-009,  -2.6733E-009)
 
Raman band -002+003 =    15.6262 cm-1
(  -3.2940E-001,   2.5934E-002)     (  -9.7474E+000,   1.5182E+001)     (  -3.7474E-005,  -2.0711E-005)
(   1.5226E+001,  -1.5056E+000)     (  -2.8023E-001,   5.2156E-002)     (   6.4242E-005,  -8.3954E-006)
(   8.7883E-008,  -2.0695E-005)     (   3.2232E-005,   1.2469E-005)     (  -3.4057E-009,  -2.6457E-009)
 
%%%%%%%%%%%%%%%%%%%%%%%%%%%%%%%%%%%%%%%%%%%%%%%%%%%%%%%%%%%%%%%%%%%%%%%%%%%%%%%%%%%%%%%%%%%%%%%%%%%%

 
total Raman tensor:
 
Raman band +002+004 =   832.6249 cm-1
(  -3.4418E-003,   7.4962E-004)     (  -4.4335E-002,  -1.5293E-002)     (   5.3454E-007,  -4.8168E-008)
(   4.3562E-002,   1.8153E-002)     (  -5.5381E-003,  -3.3462E-004)     (  -4.4162E-008,  -3.8299E-008)
(  -5.5389E-007,  -4.2708E-008)     (  -3.8947E-008,  -1.0151E-007)     (  -4.3341E-012,  -3.8390E-012)
 
Raman band -002-004 =  -832.6249 cm-1
(   2.0584E-004,  -7.3825E-003)     (   4.1887E-003,  -6.7694E-002)     (   7.4967E-007,   8.3631E-008)
(  -1.2305E-002,   6.4285E-002)     (  -4.3814E-003,  -1.3700E-002)     (  -1.1074E-007,   5.5996E-009)
(  -6.6758E-007,  -3.1758E-007)     (  -2.0219E-008,  -2.1415E-007)     (  -6.4691E-012,  -6.4398E-012)
 
Raman band +002-004 =  -783.3980 cm-1
(  -6.2186E-004,  -6.9682E-003)     (  -1.5955E-003,  -6.8071E-002)     (   7.3940E-007,   7.7918E-008)
(  -6.4836E-003,   6.5612E-002)     (  -5.2547E-003,  -1.2751E-002)     (  -9.9925E-008,   5.1753E-009)
(  -6.7175E-007,  -3.0350E-007)     (  -2.6879E-008,  -2.0876E-007)     (  -6.5416E-012,  -6.3875E-012)
 
Raman band -002+004 =   783.3980 cm-1
(  -3.6683E-003,   4.9536E-004)     (  -4.5196E-002,  -1.8606E-002)     (   5.4799E-007,  -4.2896E-008)
(   4.4080E-002,   2.1566E-002)     (  -5.8808E-003,  -6.1401E-004)     (  -4.5243E-008,  -3.6664E-008)
(  -5.6597E-007,  -5.2870E-008)     (  -3.9836E-008,  -1.0727E-007)     (  -4.5634E-012,  -4.0021E-012)
 
%%%%%%%%%%%%%%%%%%%%%%%%%%%%%%%%%%%%%%%%%%%%%%%%%%%%%%%%%%%%%%%%%%%%%%%%%%%%%%%%%%%%%%%%%%%%%%%%%%%%

 
total Raman tensor:
 
Raman band +002+005 =  1371.6182 cm-1
(   1.1289E+001,  -2.9386E+001)     (   1.8765E-001,  -1.7167E-001)     (  -3.6979E-005,   1.2316E-004)
(   1.5601E-001,  -7.8214E-003)     (  -7.4205E+000,  -1.5039E+000)     (  -1.9071E-005,   6.0776E-007)
(  -2.8703E-005,   7.6956E-005)     (  -3.9528E-005,  -7.4938E-006)     (   3.8063E-008,  -9.0077E-008)
 
Raman band -002-005 = -1371.6182 cm-1
(   6.3268E+001,  -1.3031E+002)     (   4.5192E-001,  -5.9201E-002)     (  -2.7064E-004,   2.3309E-004)
(   2.2249E-001,   6.3601E-002)     (   4.0138E+000,  -7.2309E+001)     (  -6.7135E-005,   2.4739E-005)
(  -4.4649E-005,   2.4063E-004)     (  -9.1568E-005,   2.4933E-005)     (   9.5492E-008,  -1.9839E-007)
 
Raman band +002-005 = -1322.3914 cm-1
(   5.7261E+001,  -1.2682E+002)     (   4.4508E-001,  -6.4744E-002)     (  -2.6621E-004,   2.3424E-004)
(   2.1774E-001,   6.2116E-002)     (   2.8380E-001,  -6.9629E+001)     (  -5.0477E-005,   2.7849E-005)
(  -4.3308E-005,   2.3596E-004)     (  -8.5066E-005,   2.2195E-005)     (   9.2503E-008,  -1.9425E-007)
 
Raman band -002+005 =  1322.3914 cm-1
(   1.1180E+001,  -3.1178E+001)     (   1.8609E-001,  -1.2921E-001)     (  -4.9917E-005,   1.4803E-004)
(   1.5290E-001,   3.2900E-002)     (  -8.2876E+000,  -2.1533E+000)     (  -1.4719E-005,  -1.2965E-005)
(  -3.1447E-005,   1.0297E-004)     (  -3.6532E-005,  -1.9746E-005)     (   4.0720E-008,  -9.8597E-008)
 
%%%%%%%%%%%%%%%%%%%%%%%%%%%%%%%%%%%%%%%%%%%%%%%%%%%%%%%%%%%%%%%%%%%%%%%%%%%%%%%%%%%%%%%%%%%%%%%%%%%%

 
total Raman tensor:
 
Raman band +002+006 =  1430.4592 cm-1
(   3.3324E-001,  -7.1011E+000)     (  -2.5524E+002,  -2.0513E+002)     (   5.5054E-004,  -6.6087E-004)
(   7.4251E+001,   1.6037E+002)     (  -4.8243E-001,  -6.4854E+000)     (   8.1489E-005,   1.2453E-003)
(   5.5829E-004,   2.4409E-004)     (  -2.9028E-004,   8.6903E-004)     (   2.2465E-008,  -8.9251E-008)
 
Raman band -002-006 = -1430.4592 cm-1
(   8.4895E+000,  -7.7096E+000)     (  -2.9600E+001,  -6.1995E+002)     (   8.7396E-004,  -4.7335E-004)
(  -1.0148E+003,   1.1783E+002)     (   5.4503E+000,  -8.0784E+000)     (  -2.6081E-003,   2.3899E-003)
(   1.9897E-003,   1.3499E-003)     (  -1.2951E-003,   5.6879E-004)     (   1.8858E-007,  -1.7150E-007)
 
Raman band +002-006 = -1381.2324 cm-1
(   8.2759E+000,  -7.9047E+000)     (  -5.2114E+001,  -6.1667E+002)     (   8.7657E-004,  -5.5150E-004)
(  -9.6787E+002,   1.6863E+002)     (   5.4768E+000,  -8.1481E+000)     (  -2.4111E-003,   2.4861E-003)
(   1.8736E-003,   1.2324E-003)     (  -1.2200E-003,   5.9702E-004)     (   1.8490E-007,  -1.6680E-007)
 
Raman band -002+006 =  1381.2324 cm-1
(   4.8102E-001,  -7.3133E+000)     (  -2.6509E+002,  -2.2202E+002)     (   5.5135E-004,  -6.6580E-004)
(   7.1465E+001,   1.8019E+002)     (  -3.7638E-001,  -6.6681E+000)     (   6.9167E-005,   1.2870E-003)
(   5.3926E-004,   2.4706E-004)     (  -3.0834E-004,   8.6374E-004)     (   4.1142E-008,  -8.8461E-008)
 
%%%%%%%%%%%%%%%%%%%%%%%%%%%%%%%%%%%%%%%%%%%%%%%%%%%%%%%%%%%%%%%%%%%%%%%%%%%%%%%%%%%%%%%%%%%%%%%%%%%%

 
total Raman tensor:
 
Raman band +003+001 =    40.1240 cm-1
(   0.0000E+000,   0.0000E+000)     (   0.0000E+000,   0.0000E+000)     (   0.0000E+000,   0.0000E+000)
(   0.0000E+000,   0.0000E+000)     (   0.0000E+000,   0.0000E+000)     (   0.0000E+000,   0.0000E+000)
(   0.0000E+000,   0.0000E+000)     (   0.0000E+000,   0.0000E+000)     (   0.0000E+000,   0.0000E+000)
 
Raman band -003-001 =   -40.1240 cm-1
(   0.0000E+000,   0.0000E+000)     (   0.0000E+000,   0.0000E+000)     (   0.0000E+000,   0.0000E+000)
(   0.0000E+000,   0.0000E+000)     (   0.0000E+000,   0.0000E+000)     (   0.0000E+000,   0.0000E+000)
(   0.0000E+000,   0.0000E+000)     (   0.0000E+000,   0.0000E+000)     (   0.0000E+000,   0.0000E+000)
 
Raman band +003-001 =    40.3553 cm-1
(   0.0000E+000,   0.0000E+000)     (   0.0000E+000,   0.0000E+000)     (   0.0000E+000,   0.0000E+000)
(   0.0000E+000,   0.0000E+000)     (   0.0000E+000,   0.0000E+000)     (   0.0000E+000,   0.0000E+000)
(   0.0000E+000,   0.0000E+000)     (   0.0000E+000,   0.0000E+000)     (   0.0000E+000,   0.0000E+000)
 
Raman band -003+001 =   -40.3553 cm-1
(   0.0000E+000,   0.0000E+000)     (   0.0000E+000,   0.0000E+000)     (   0.0000E+000,   0.0000E+000)
(   0.0000E+000,   0.0000E+000)     (   0.0000E+000,   0.0000E+000)     (   0.0000E+000,   0.0000E+000)
(   0.0000E+000,   0.0000E+000)     (   0.0000E+000,   0.0000E+000)     (   0.0000E+000,   0.0000E+000)
 
%%%%%%%%%%%%%%%%%%%%%%%%%%%%%%%%%%%%%%%%%%%%%%%%%%%%%%%%%%%%%%%%%%%%%%%%%%%%%%%%%%%%%%%%%%%%%%%%%%%%

 
total Raman tensor:
 
Raman band +003+002 =    64.8530 cm-1
(   2.0833E-001,  -1.6515E-001)     (  -1.7860E+000,  -5.7211E+000)     (  -1.1528E-005,  -4.0409E-007)
(   2.2960E+001,  -4.5329E+000)     (   2.6737E-001,  -1.2071E-001)     (  -3.6111E-005,   9.1967E-006)
(   1.9185E-005,  -2.5400E-005)     (  -3.4605E-005,   2.2959E-005)     (  -7.2269E-010,   1.4372E-009)
 
Raman band -003-002 =   -64.8530 cm-1
(   2.2756E-001,  -1.6261E-001)     (  -2.7461E+000,  -7.1696E+000)     (  -1.1534E-005,   2.9549E-006)
(   2.5813E+001,  -1.9830E+000)     (   2.8764E-001,  -1.0794E-001)     (  -3.8497E-005,   5.3736E-006)
(   2.0987E-005,  -2.1114E-005)     (  -3.9570E-005,   1.9021E-005)     (  -6.0295E-010,   1.5736E-009)
 
Raman band +003-002 =    15.6262 cm-1
(   2.1268E-001,  -1.6482E-001)     (  -1.9623E+000,  -6.0095E+000)     (  -1.0129E-005,   7.8811E-007)
(   2.3600E+001,  -4.0376E+000)     (   2.7211E-001,  -1.1797E-001)     (  -3.7514E-005,   8.1988E-006)
(   1.8805E-005,  -2.5450E-005)     (  -3.5057E-005,   2.2622E-005)     (  -7.0433E-010,   1.4940E-009)
 
Raman band -003+002 =   -15.6262 cm-1
(   2.2292E-001,  -1.6377E-001)     (  -2.5713E+000,  -6.8291E+000)     (  -1.1444E-005,   1.7571E-006)
(   2.5241E+001,  -2.7005E+000)     (   2.8315E-001,  -1.1172E-001)     (  -3.7981E-005,   6.4658E-006)
(   2.0891E-005,  -2.2198E-005)     (  -3.8564E-005,   2.0131E-005)     (  -6.3579E-010,   1.5499E-009)
 
%%%%%%%%%%%%%%%%%%%%%%%%%%%%%%%%%%%%%%%%%%%%%%%%%%%%%%%%%%%%%%%%%%%%%%%%%%%%%%%%%%%%%%%%%%%%%%%%%%%%

 
total Raman tensor:
 
Raman band +003+003 =    80.4793 cm-1
(  -1.0358E+003,   9.6895E+002)     (   9.9079E-002,  -3.0113E-001)     (  -1.1569E-003,   8.9955E-004)
(   1.8328E-001,   6.2402E-002)     (  -1.0404E+003,   9.6946E+002)     (   1.6491E-003,  -1.3958E-003)
(  -1.0182E-003,   8.4866E-004)     (   1.6903E-003,  -1.3519E-003)     (   2.7710E-007,   2.0620E-007)
 
Raman band -003-003 =   -80.4793 cm-1
(  -1.2519E+003,   8.0998E+002)     (   1.6866E-001,  -3.2607E-001)     (  -1.4482E-003,   8.7833E-004)
(   1.8599E-001,   1.0276E-001)     (  -1.2575E+003,   8.0904E+002)     (   2.0811E-003,  -1.3916E-003)
(  -1.2905E-003,   8.4418E-004)     (   2.1417E-003,  -1.3407E-003)     (   2.8450E-007,   2.2354E-007)
 
Raman band +003-003 =     0.0000 cm-1
(  -1.1105E+003,   9.2418E+002)     (   1.2061E-001,  -3.1088E-001)     (  -1.2475E-003,   8.9336E-004)
(   1.8530E-001,   7.5518E-002)     (  -1.1156E+003,   9.2423E+002)     (   1.7859E-003,  -1.4090E-003)
(  -1.1061E-003,   8.5849E-004)     (   1.8297E-003,  -1.3536E-003)     (   2.8001E-007,   2.1195E-007)
 
Raman band -003+003 =     0.0000 cm-1
(  -1.1834E+003,   8.7293E+002)     (   1.4288E-001,  -3.1906E-001)     (  -1.3451E-003,   8.9151E-004)
(   1.8667E-001,   8.8238E-002)     (  -1.1885E+003,   8.7263E+002)     (   1.9290E-003,  -1.4000E-003)
(  -1.1943E-003,   8.5278E-004)     (   1.9846E-003,  -1.3546E-003)     (   2.8296E-007,   2.1788E-007)
 
%%%%%%%%%%%%%%%%%%%%%%%%%%%%%%%%%%%%%%%%%%%%%%%%%%%%%%%%%%%%%%%%%%%%%%%%%%%%%%%%%%%%%%%%%%%%%%%%%%%%

 
total Raman tensor:
 
Raman band +003+004 =   848.2511 cm-1
(   1.0134E-001,  -1.1236E-001)     (  -3.1241E-002,   1.4978E-002)     (   5.4333E-008,  -1.0927E-007)
(   2.6576E-003,  -2.9326E-004)     (   1.4740E-001,  -3.6694E-002)     (   2.2982E-006,  -3.2411E-008)
(   1.6373E-007,   2.1380E-008)     (   3.3955E-006,   9.8844E-007)     (  -1.3222E-011,  -1.7809E-011)
 
Raman band -003-004 =  -848.2511 cm-1
(   2.7987E-001,   1.0681E-001)     (  -6.4664E-002,  -3.1279E-002)     (   2.0894E-006,  -6.4027E-008)
(  -1.3268E-002,  -3.0053E-003)     (   2.1004E-001,   2.9016E-001)     (   4.7561E-006,   2.9590E-006)
(  -6.8442E-007,  -1.6575E-006)     (   2.6719E-006,   3.7065E-006)     (   2.6585E-012,  -5.8167E-011)
 
Raman band +003-004 =  -767.7718 cm-1
(   2.9144E-001,   6.0768E-002)     (  -6.3011E-002,  -2.3394E-002)     (   1.8261E-006,  -2.9102E-007)
(  -1.1580E-002,  -5.6770E-004)     (   2.4292E-001,   2.4016E-001)     (   4.5864E-006,   2.4195E-006)
(  -7.1439E-007,  -1.2872E-006)     (   2.8359E-006,   3.6136E-006)     (  -4.6980E-012,  -5.3475E-011)
 
Raman band -003+004 =   767.7718 cm-1
(   1.2256E-001,  -1.0472E-001)     (  -3.5035E-002,   1.4260E-002)     (   1.1177E-007,  -1.7552E-007)
(   2.9330E-003,   1.8573E-004)     (   1.6881E-001,  -2.0069E-002)     (   2.4788E-006,   9.2285E-009)
(   1.0865E-007,   3.4659E-008)     (   3.4927E-006,   1.2005E-006)     (  -1.4096E-011,  -1.9261E-011)
 
%%%%%%%%%%%%%%%%%%%%%%%%%%%%%%%%%%%%%%%%%%%%%%%%%%%%%%%%%%%%%%%%%%%%%%%%%%%%%%%%%%%%%%%%%%%%%%%%%%%%

 
total Raman tensor:
 
Raman band +003+005 =  1387.2445 cm-1
(  -1.2579E+000,   1.8725E-001)     (  -2.1653E+002,  -4.3175E+002)     (   3.5838E-004,  -6.5134E-004)
(   1.2481E+002,  -1.5774E+002)     (  -9.3282E-001,   1.0523E-001)     (  -1.9302E-005,   5.8144E-004)
(  -4.3856E-004,  -7.0012E-004)     (  -2.2741E-004,   4.8272E-004)     (   4.0388E-008,   4.9652E-009)
 
Raman band -003-005 = -1387.2445 cm-1
(  -6.3425E-001,  -2.3229E+000)     (   4.1533E+002,  -5.9274E+002)     (   8.4830E-004,   3.7160E-004)
(   1.3313E+001,  -1.6304E+002)     (  -8.6781E-001,  -1.3849E+000)     (  -1.7928E-003,   1.4972E-004)
(   4.5098E-004,  -1.4218E-003)     (  -1.1115E-003,  -7.3534E-004)     (   1.0979E-007,   6.7468E-008)
 
Raman band +003-005 = -1306.7652 cm-1
(  -8.6910E-001,  -2.2406E+000)     (   3.8809E+002,  -6.2090E+002)     (   8.8468E-004,   2.1606E-004)
(   1.2345E+001,  -1.5130E+002)     (  -9.7099E-001,  -1.3177E+000)     (  -1.7065E-003,   3.5323E-004)
(   3.6912E-004,  -1.3960E-003)     (  -1.0976E-003,  -5.8053E-004)     (   1.1244E-007,   6.3369E-008)
 
Raman band -003+005 =  1306.7652 cm-1
(  -1.5642E+000,  -5.8027E-002)     (  -2.1195E+002,  -4.6562E+002)     (   3.2776E-004,  -7.6076E-004)
(   1.2921E+002,  -1.5545E+002)     (  -1.0187E+000,   6.6329E-002)     (  -1.2785E-005,   6.5047E-004)
(  -5.6915E-004,  -8.0747E-004)     (  -2.2074E-004,   5.1589E-004)     (   7.9985E-008,   3.0699E-008)
 
%%%%%%%%%%%%%%%%%%%%%%%%%%%%%%%%%%%%%%%%%%%%%%%%%%%%%%%%%%%%%%%%%%%%%%%%%%%%%%%%%%%%%%%%%%%%%%%%%%%%

 
total Raman tensor:
 
Raman band +003+006 =  1446.0855 cm-1
(  -2.3253E+004,  -1.7100E+004)     (   1.6236E+000,   2.6299E+000)     (  -1.5146E-002,  -1.6882E-002)
(  -8.1246E-001,   2.2279E+000)     (  -2.3286E+004,  -1.6632E+004)     (   2.1629E-002,   2.6887E-002)
(  -1.2717E-002,  -1.5553E-002)     (   2.3675E-002,   2.6577E-002)     (  -5.6347E-006,   4.2036E-006)
 
Raman band -003-006 = -1446.0855 cm-1
(   2.0591E+004,  -2.9082E+004)     (  -9.6584E+000,   2.8727E+000)     (   6.4063E-002,  -5.6012E-002)
(  -5.2981E+000,  -3.5883E+000)     (   2.0072E+004,  -2.8642E+004)     (  -9.7703E-002,   9.3398E-002)
(   6.1523E-002,  -4.9807E-002)     (  -9.9781E-002,   9.2614E-002)     (  -1.2669E-005,   5.4420E-006)
 
Raman band +003-006 = -1365.6062 cm-1
(   1.8386E+004,  -3.1424E+004)     (  -8.9584E+000,   3.8798E+000)     (   5.5678E-002,  -5.9432E-002)
(  -5.5532E+000,  -2.9609E+000)     (   1.7901E+004,  -3.0981E+004)     (  -8.4030E-002,   9.8322E-002)
(   5.3732E-002,  -5.3533E-002)     (  -8.6195E-002,   9.7378E-002)     (  -1.2346E-005,   5.5078E-006)
 
Raman band -003+006 =  1365.6062 cm-1
(  -2.3129E+004,  -1.9599E+004)     (   1.5490E+000,   2.9970E+000)     (  -1.5093E-002,  -1.9817E-002)
(  -1.0300E+000,   2.3351E+000)     (  -2.3187E+004,  -1.9112E+004)     (   2.1519E-002,   3.1501E-002)
(  -1.2579E-002,  -1.8290E-002)     (   2.3572E-002,   3.1176E-002)     (  -6.1874E-006,   4.6692E-006)
 
%%%%%%%%%%%%%%%%%%%%%%%%%%%%%%%%%%%%%%%%%%%%%%%%%%%%%%%%%%%%%%%%%%%%%%%%%%%%%%%%%%%%%%%%%%%%%%%%%%%%

 
total Raman tensor:
 
Raman band +004+001 =   807.8958 cm-1
(   0.0000E+000,   0.0000E+000)     (   0.0000E+000,   0.0000E+000)     (   0.0000E+000,   0.0000E+000)
(   0.0000E+000,   0.0000E+000)     (   0.0000E+000,   0.0000E+000)     (   0.0000E+000,   0.0000E+000)
(   0.0000E+000,   0.0000E+000)     (   0.0000E+000,   0.0000E+000)     (   0.0000E+000,   0.0000E+000)
 
Raman band -004-001 =  -807.8958 cm-1
(   0.0000E+000,   0.0000E+000)     (   0.0000E+000,   0.0000E+000)     (   0.0000E+000,   0.0000E+000)
(   0.0000E+000,   0.0000E+000)     (   0.0000E+000,   0.0000E+000)     (   0.0000E+000,   0.0000E+000)
(   0.0000E+000,   0.0000E+000)     (   0.0000E+000,   0.0000E+000)     (   0.0000E+000,   0.0000E+000)
 
Raman band +004-001 =   808.1271 cm-1
(   0.0000E+000,   0.0000E+000)     (   0.0000E+000,   0.0000E+000)     (   0.0000E+000,   0.0000E+000)
(   0.0000E+000,   0.0000E+000)     (   0.0000E+000,   0.0000E+000)     (   0.0000E+000,   0.0000E+000)
(   0.0000E+000,   0.0000E+000)     (   0.0000E+000,   0.0000E+000)     (   0.0000E+000,   0.0000E+000)
 
Raman band -004+001 =  -808.1271 cm-1
(   0.0000E+000,   0.0000E+000)     (   0.0000E+000,   0.0000E+000)     (   0.0000E+000,   0.0000E+000)
(   0.0000E+000,   0.0000E+000)     (   0.0000E+000,   0.0000E+000)     (   0.0000E+000,   0.0000E+000)
(   0.0000E+000,   0.0000E+000)     (   0.0000E+000,   0.0000E+000)     (   0.0000E+000,   0.0000E+000)
 
%%%%%%%%%%%%%%%%%%%%%%%%%%%%%%%%%%%%%%%%%%%%%%%%%%%%%%%%%%%%%%%%%%%%%%%%%%%%%%%%%%%%%%%%%%%%%%%%%%%%

 
total Raman tensor:
 
Raman band +004+002 =   832.6249 cm-1
(   1.8574E-003,   7.6054E-004)     (  -3.0441E-002,  -1.8487E-002)     (  -1.7363E-007,  -3.3332E-007)
(   2.5139E-002,   1.9280E-002)     (  -7.7904E-005,   9.1150E-004)     (  -2.8759E-009,   4.5842E-008)
(   1.3332E-007,   2.6194E-007)     (  -1.0788E-007,  -5.1174E-008)     (  -4.5140E-012,  -3.3333E-013)
 
Raman band -004-002 =  -832.6249 cm-1
(  -1.4716E-004,  -3.1675E-004)     (   6.1818E-002,  -1.7632E-003)     (  -1.8653E-007,  -8.2527E-007)
(  -5.2014E-002,  -1.1666E-002)     (  -3.7719E-003,  -9.9914E-003)     (  -1.6706E-007,   1.2015E-007)
(   4.2807E-007,   4.7083E-007)     (  -2.0494E-007,  -1.8389E-007)     (  -8.2246E-012,  -2.6453E-012)
 
Raman band +004-002 =   783.3980 cm-1
(   1.8456E-003,   7.8659E-004)     (  -3.0802E-002,  -1.9400E-002)     (  -1.7520E-007,  -3.3476E-007)
(   2.5356E-002,   2.0150E-002)     (  -1.2362E-004,   9.4276E-004)     (  -2.6953E-009,   4.6721E-008)
(   1.3405E-007,   2.6317E-007)     (  -1.0923E-007,  -5.2902E-008)     (  -4.6374E-012,  -3.7250E-013)
 
Raman band -004+002 =  -783.3980 cm-1
(  -2.2763E-004,  -2.8178E-004)     (   6.3427E-002,  -5.1232E-003)     (  -1.9886E-007,  -8.1508E-007)
(  -5.4218E-002,  -8.8369E-003)     (  -4.2299E-003,  -9.6845E-003)     (  -1.6394E-007,   1.2280E-007)
(   4.2653E-007,   4.6234E-007)     (  -1.9971E-007,  -1.7892E-007)     (  -8.2839E-012,  -2.6444E-012)
 
%%%%%%%%%%%%%%%%%%%%%%%%%%%%%%%%%%%%%%%%%%%%%%%%%%%%%%%%%%%%%%%%%%%%%%%%%%%%%%%%%%%%%%%%%%%%%%%%%%%%

 
total Raman tensor:
 
Raman band +004+003 =   848.2511 cm-1
(   1.1173E-001,   1.1234E-002)     (  -4.9258E-004,  -2.0363E-003)     (   7.3678E-007,   7.4062E-007)
(   1.0934E-002,   1.4175E-002)     (   6.2275E-002,   4.3865E-002)     (  -1.8829E-006,   1.6964E-006)
(   7.8726E-007,   2.9561E-007)     (  -1.8181E-006,   1.3134E-006)     (  -9.2424E-012,  -3.4392E-012)
 
Raman band -004-003 =  -848.2511 cm-1
(  -6.3615E-001,   2.3004E-001)     (   1.1613E-002,  -6.0839E-004)     (   1.3006E-006,   7.9486E-006)
(  -3.9356E-002,   2.5382E-002)     (  -7.8691E-001,  -7.6869E-004)     (  -2.6041E-006,  -1.0596E-006)
(  -1.9041E-006,   1.0434E-006)     (  -6.3344E-006,  -6.3126E-006)     (  -5.2161E-011,   1.0207E-010)
 
Raman band +004-003 =   767.7718 cm-1
(   1.1668E-001,   1.4696E-002)     (  -4.3484E-004,  -2.1984E-003)     (   7.5613E-007,   7.5447E-007)
(   1.1195E-002,   1.5033E-002)     (   6.4850E-002,   4.8039E-002)     (  -1.9650E-006,   1.7023E-006)
(   8.0966E-007,   3.2271E-007)     (  -1.8984E-006,   1.3467E-006)     (  -9.6984E-012,  -3.8380E-012)
 
Raman band -004+003 =  -767.7718 cm-1
(  -6.2049E-001,   2.6865E-001)     (   1.1444E-002,  -1.6795E-003)     (   1.6428E-006,   7.5067E-006)
(  -3.8516E-002,   2.7749E-002)     (  -7.8133E-001,   5.1947E-002)     (  -2.6150E-006,  -1.1631E-006)
(  -1.8650E-006,   1.2633E-006)     (  -6.5822E-006,  -5.8803E-006)     (  -4.4323E-011,   9.8770E-011)
 
%%%%%%%%%%%%%%%%%%%%%%%%%%%%%%%%%%%%%%%%%%%%%%%%%%%%%%%%%%%%%%%%%%%%%%%%%%%%%%%%%%%%%%%%%%%%%%%%%%%%

 
total Raman tensor:
 
Raman band +004+004 =  1616.0229 cm-1
(   2.8453E-004,   2.1771E-003)     (   1.4676E-005,   1.7093E-005)     (   1.7931E-010,   1.9736E-009)
(  -2.2744E-006,   4.0673E-006)     (   2.5480E-004,   2.1664E-003)     (   1.0478E-009,  -2.9230E-009)
(   2.3760E-010,   1.7598E-009)     (   6.5581E-010,  -1.5493E-009)     (   5.9706E-013,   3.5361E-013)
 
Raman band -004-004 = -1616.0229 cm-1
(  -1.2016E-003,  -1.0173E-003)     (  -7.6393E-005,  -1.1021E-004)     (  -5.9964E-009,  -4.9747E-009)
(  -5.0707E-005,  -2.7059E-005)     (  -1.2579E-003,  -1.3213E-003)     (   1.1002E-008,   1.0518E-008)
(  -6.2921E-009,  -7.7005E-009)     (   9.0663E-009,   2.0786E-008)     (   1.1370E-012,   1.7258E-012)
 
Raman band +004-004 =     0.0000 cm-1
(  -1.7035E-003,   3.5202E-003)     (   1.1052E-005,   3.4627E-005)     (  -1.8260E-009,   3.4810E-009)
(  -1.7230E-005,  -2.7139E-006)     (  -1.7480E-003,   3.5176E-003)     (   4.5410E-009,  -5.1560E-009)
(  -1.6885E-009,   3.1836E-009)     (   4.2086E-009,  -3.0692E-009)     (   9.6126E-013,   6.4930E-013)
 
Raman band -004+004 =     0.0000 cm-1
(  -4.4873E-003,   1.8334E-005)     (  -7.4835E-005,  -4.2222E-006)     (  -6.5778E-009,   1.3598E-009)
(   2.9523E-005,   1.7230E-005)     (  -4.6447E-003,   1.7103E-005)     (   1.1925E-008,  -1.9135E-010)
(  -6.7485E-009,   6.3016E-010)     (   1.3129E-008,   3.4342E-009)     (   1.2264E-012,   1.1209E-012)
 
%%%%%%%%%%%%%%%%%%%%%%%%%%%%%%%%%%%%%%%%%%%%%%%%%%%%%%%%%%%%%%%%%%%%%%%%%%%%%%%%%%%%%%%%%%%%%%%%%%%%

 
total Raman tensor:
 
Raman band +004+005 =  2155.0163 cm-1
(   4.8214E-003,  -5.6186E-002)     (  -1.6019E-001,  -2.2614E-001)     (  -4.1491E-006,   2.6260E-006)
(   1.1926E-001,   2.1827E-001)     (  -8.7641E-003,  -1.4426E-002)     (  -5.0044E-007,   8.3013E-007)
(   4.2239E-006,  -3.4038E-006)     (  -6.5495E-007,   1.1131E-006)     (   6.5223E-011,  -7.4537E-011)
 
Raman band -004-005 = -2155.0163 cm-1
(   1.0191E-001,  -1.8527E-002)     (   5.3516E-001,   2.4660E+000)     (  -1.4971E-005,  -8.5036E-006)
(   1.5042E-001,  -2.3837E+000)     (   9.4330E-002,  -8.2363E-002)     (   4.1343E-006,  -7.5544E-006)
(   2.3170E-005,   3.1840E-006)     (  -9.5724E-006,  -1.1359E-006)     (   2.4311E-010,  -5.1782E-012)
 
Raman band +004-005 =  -538.9934 cm-1
(   6.5496E-002,  -9.9104E-002)     (   5.8702E-001,  -1.1000E+000)     (  -1.2994E-005,   6.5781E-006)
(  -6.8025E-001,   9.8075E-001)     (  -2.1794E-002,  -5.3684E-002)     (  -1.3542E-006,   9.0878E-007)
(   1.4014E-005,  -9.1660E-006)     (  -1.8245E-006,   1.7934E-006)     (   7.0115E-011,   3.5164E-011)
 
Raman band -004+005 =   538.9934 cm-1
(   1.0115E-001,  -8.1346E-002)     (   1.2065E+000,  -9.9131E-001)     (  -1.7166E-005,   6.4060E-006)
(  -1.1872E+000,   7.6838E-001)     (  -1.8519E-002,  -5.1294E-002)     (  -2.4866E-006,  -9.7603E-008)
(   1.8138E-005,  -9.5307E-006)     (  -1.7256E-006,   2.2439E-006)     (   8.4389E-011,   4.5914E-011)
 
%%%%%%%%%%%%%%%%%%%%%%%%%%%%%%%%%%%%%%%%%%%%%%%%%%%%%%%%%%%%%%%%%%%%%%%%%%%%%%%%%%%%%%%%%%%%%%%%%%%%

 
total Raman tensor:
 
Raman band +004+006 =  2213.8573 cm-1
(  -4.3119E-001,   2.1775E+000)     (  -2.3262E-001,  -5.1640E-002)     (  -1.3646E-005,   1.4723E-005)
(  -1.5487E-001,   5.4708E-002)     (  -8.3002E-001,   1.0936E+000)     (  -2.8456E-005,  -4.2281E-005)
(  -1.5540E-005,   7.5969E-006)     (  -2.5785E-005,  -4.4613E-005)     (  -2.1647E-010,  -3.9269E-011)
 
Raman band -004-006 = -2213.8573 cm-1
(   1.3296E+001,  -1.3326E+001)     (  -1.2514E-001,   8.4914E-001)     (  -5.6592E-005,  -3.3599E-004)
(   6.9709E-002,  -2.0468E+000)     (   2.0641E+001,  -6.9965E+000)     (   1.6447E-004,  -1.2229E-004)
(  -4.3051E-005,  -2.1227E-005)     (   2.3787E-004,   8.4158E-005)     (   1.8485E-009,  -5.7072E-009)
 
Raman band +004-006 =  -597.8344 cm-1
(  -8.5725E+000,   1.2937E+000)     (  -1.1902E-001,  -5.0928E-001)     (  -7.6154E-005,   3.5621E-005)
(  -7.3705E-001,   1.4040E-001)     (  -6.9343E+000,  -2.7514E+000)     (   1.2202E-005,  -1.1188E-004)
(  -4.7961E-005,   1.1036E-006)     (   3.1280E-005,  -1.5614E-004)     (  -4.7469E-010,  -2.2703E-010)
 
Raman band -004+006 =   597.8344 cm-1
(  -1.1837E+001,  -7.4318E+000)     (   2.8083E-001,  -9.1337E-001)     (  -1.1251E-004,   2.5217E-005)
(  -1.0596E+000,   2.6748E-001)     (  -9.4155E+000,  -1.1554E+001)     (   3.5095E-005,  -9.5867E-005)
(  -5.0825E-005,  -1.5846E-005)     (   8.1306E-005,  -1.5179E-004)     (  -1.1961E-009,  -5.6040E-010)
 
%%%%%%%%%%%%%%%%%%%%%%%%%%%%%%%%%%%%%%%%%%%%%%%%%%%%%%%%%%%%%%%%%%%%%%%%%%%%%%%%%%%%%%%%%%%%%%%%%%%%

 
total Raman tensor:
 
Raman band +005+001 =  1346.8892 cm-1
(   0.0000E+000,   0.0000E+000)     (   0.0000E+000,   0.0000E+000)     (   0.0000E+000,   0.0000E+000)
(   0.0000E+000,   0.0000E+000)     (   0.0000E+000,   0.0000E+000)     (   0.0000E+000,   0.0000E+000)
(   0.0000E+000,   0.0000E+000)     (   0.0000E+000,   0.0000E+000)     (   0.0000E+000,   0.0000E+000)
 
Raman band -005-001 = -1346.8892 cm-1
(   0.0000E+000,   0.0000E+000)     (   0.0000E+000,   0.0000E+000)     (   0.0000E+000,   0.0000E+000)
(   0.0000E+000,   0.0000E+000)     (   0.0000E+000,   0.0000E+000)     (   0.0000E+000,   0.0000E+000)
(   0.0000E+000,   0.0000E+000)     (   0.0000E+000,   0.0000E+000)     (   0.0000E+000,   0.0000E+000)
 
Raman band +005-001 =  1347.1205 cm-1
(   0.0000E+000,   0.0000E+000)     (   0.0000E+000,   0.0000E+000)     (   0.0000E+000,   0.0000E+000)
(   0.0000E+000,   0.0000E+000)     (   0.0000E+000,   0.0000E+000)     (   0.0000E+000,   0.0000E+000)
(   0.0000E+000,   0.0000E+000)     (   0.0000E+000,   0.0000E+000)     (   0.0000E+000,   0.0000E+000)
 
Raman band -005+001 = -1347.1205 cm-1
(   0.0000E+000,   0.0000E+000)     (   0.0000E+000,   0.0000E+000)     (   0.0000E+000,   0.0000E+000)
(   0.0000E+000,   0.0000E+000)     (   0.0000E+000,   0.0000E+000)     (   0.0000E+000,   0.0000E+000)
(   0.0000E+000,   0.0000E+000)     (   0.0000E+000,   0.0000E+000)     (   0.0000E+000,   0.0000E+000)
 
%%%%%%%%%%%%%%%%%%%%%%%%%%%%%%%%%%%%%%%%%%%%%%%%%%%%%%%%%%%%%%%%%%%%%%%%%%%%%%%%%%%%%%%%%%%%%%%%%%%%

 
total Raman tensor:
 
Raman band +005+002 =  1371.6182 cm-1
(  -1.6471E+001,   3.6239E+001)     (   3.7684E-002,   1.5612E-001)     (   5.3432E-005,  -3.7515E-005)
(  -5.2283E-002,   1.2506E-001)     (  -3.8717E+000,   1.5373E+001)     (  -1.6709E-005,  -5.4871E-005)
(   3.7176E-005,  -4.6619E-005)     (   1.9966E-005,  -2.9842E-005)     (  -2.8607E-008,   7.0842E-008)
 
Raman band -005-002 = -1371.6182 cm-1
(  -7.3268E+001,   3.2275E+001)     (  -3.3296E-001,   4.6205E-001)     (   4.7659E-004,  -1.5643E-004)
(  -1.5930E-001,   2.5153E-001)     (  -9.2189E+000,  -1.4958E+001)     (  -2.8614E-005,   2.0211E-004)
(   3.5872E-004,  -2.6106E-004)     (  -8.7377E-005,   7.9588E-005)     (  -1.3465E-007,   2.4045E-007)
 
Raman band +005-002 =  1322.3914 cm-1
(  -1.6931E+001,   3.7058E+001)     (   5.8103E-002,   1.4992E-001)     (   8.3372E-005,  -3.7204E-005)
(  -5.2583E-002,   1.0483E-001)     (  -4.0469E+000,   1.5754E+001)     (  -3.1951E-005,  -5.6321E-005)
(   1.6867E-005,  -6.7860E-005)     (   2.9700E-005,  -1.9538E-005)     (  -3.0255E-008,   7.4325E-008)
 
Raman band -005+002 = -1322.3914 cm-1
(  -7.4315E+001,   3.1059E+001)     (  -3.2810E-001,   4.6601E-001)     (   4.6882E-004,  -1.6797E-004)
(  -1.5648E-001,   2.4903E-001)     (  -1.0658E+001,  -1.6046E+001)     (  -2.0081E-005,   2.0424E-004)
(   3.4812E-004,  -2.6783E-004)     (  -8.3126E-005,   8.7982E-005)     (  -1.3296E-007,   2.3802E-007)
 
%%%%%%%%%%%%%%%%%%%%%%%%%%%%%%%%%%%%%%%%%%%%%%%%%%%%%%%%%%%%%%%%%%%%%%%%%%%%%%%%%%%%%%%%%%%%%%%%%%%%

 
total Raman tensor:
 
Raman band +005+003 =  1387.2445 cm-1
(   4.2652E-001,  -2.1050E-001)     (  -3.2767E+002,  -3.2141E+001)     (  -2.6161E-004,  -4.1149E-004)
(  -6.3382E+001,  -1.6147E+002)     (   2.8354E-001,  -3.3188E-001)     (   3.9547E-004,   1.9819E-004)
(  -6.5080E-004,  -2.0989E-004)     (   1.9786E-004,   2.5322E-004)     (   2.9610E-008,  -3.1129E-009)
 
Raman band -005-003 = -1387.2445 cm-1
(  -5.0075E-001,  -6.1856E-001)     (   1.9295E+002,  -6.8282E+002)     (   1.8001E-003,   1.6396E-003)
(  -1.0802E+002,  -2.4551E+002)     (   2.9253E-002,  -2.4249E-001)     (  -2.8152E-003,   2.0397E-004)
(  -4.9813E-005,  -3.5457E-003)     (  -2.3908E-003,  -1.7524E-003)     (   1.1363E-007,   8.2972E-008)
 
Raman band +005-003 =  1306.7652 cm-1
(   3.0851E-001,  -2.0324E-001)     (  -3.3804E+002,  -3.6123E+001)     (  -3.0042E-004,  -6.4287E-004)
(  -6.3484E+001,  -1.6481E+002)     (   2.7449E-001,  -3.4188E-001)     (   4.1804E-004,   3.2998E-004)
(  -7.3999E-004,  -4.9121E-006)     (   2.2472E-004,   1.4307E-004)     (   4.9577E-008,  -1.9789E-009)
 
Raman band -005+003 = -1306.7652 cm-1
(  -5.3573E-001,  -5.5586E-001)     (   1.8554E+002,  -6.9633E+002)     (   1.8953E-003,   1.5425E-003)
(  -1.1143E+002,  -2.3800E+002)     (   2.2139E-002,  -2.0739E-001)     (  -2.7470E-003,   4.1251E-004)
(  -2.0319E-004,  -3.5466E-003)     (  -2.4459E-003,  -1.5701E-003)     (   1.2170E-007,   7.8481E-008)
 
%%%%%%%%%%%%%%%%%%%%%%%%%%%%%%%%%%%%%%%%%%%%%%%%%%%%%%%%%%%%%%%%%%%%%%%%%%%%%%%%%%%%%%%%%%%%%%%%%%%%

 
total Raman tensor:
 
Raman band +005+004 =  2155.0163 cm-1
(   9.7944E-003,  -1.7796E-002)     (  -1.6365E-001,   9.9525E-003)     (  -2.2731E-007,   4.6611E-006)
(   1.9761E-001,   9.3930E-003)     (   7.5151E-003,  -3.9095E-003)     (   9.0775E-007,  -9.2485E-007)
(  -1.4424E-007,  -4.3449E-006)     (   2.2313E-007,  -8.2517E-007)     (   9.4146E-013,   9.2547E-011)
 
Raman band -005-004 = -2155.0163 cm-1
(  -3.2529E-001,   8.0968E-001)     (   5.8152E-001,   1.9535E+000)     (  -1.5777E-005,  -3.9353E-007)
(  -1.4657E+000,  -2.4723E+000)     (  -1.0385E-001,   3.0552E-001)     (   1.3419E-005,   4.1939E-007)
(  -3.2730E-006,  -5.7516E-006)     (  -1.0791E-006,   1.3443E-005)     (  -6.5169E-011,   2.5610E-010)
 
Raman band +005-004 =   538.9934 cm-1
(   3.7194E-002,  -6.1030E-002)     (  -3.5393E-001,  -9.4303E-002)     (  -2.9833E-007,   9.1882E-006)
(   4.3425E-001,   1.4647E-001)     (   1.7819E-002,  -1.4354E-002)     (   1.0964E-006,  -1.5806E-006)
(   2.0930E-007,  -8.3365E-006)     (   1.8968E-007,  -5.6273E-007)     (   2.0879E-011,   5.4569E-011)
 
Raman band -005+004 =  -538.9934 cm-1
(   3.8665E-001,   4.4149E-001)     (   2.2320E+000,  -3.5658E-001)     (  -2.1360E-005,   2.0160E-005)
(  -2.7424E+000,   8.7454E-001)     (   1.1786E-001,   1.4413E-001)     (   2.8791E-006,  -5.2430E-006)
(   1.2463E-005,  -1.1824E-005)     (   1.0308E-005,   1.0158E-006)     (   1.0235E-010,   1.5211E-010)
 
%%%%%%%%%%%%%%%%%%%%%%%%%%%%%%%%%%%%%%%%%%%%%%%%%%%%%%%%%%%%%%%%%%%%%%%%%%%%%%%%%%%%%%%%%%%%%%%%%%%%

 
total Raman tensor:
 
Raman band +005+005 =  2694.0097 cm-1
(   8.1126E+002,   8.0436E+002)     (  -9.7976E-002,  -8.8011E-002)     (   5.4184E-004,   1.1011E-003)
(  -1.3090E-002,  -9.0472E-002)     (   5.5913E+002,   6.2908E+002)     (  -3.0102E-004,  -3.8748E-004)
(   1.1292E-003,   5.2874E-004)     (   1.2931E-004,  -6.7752E-004)     (   6.5472E-007,   3.3778E-007)
 
Raman band -005-005 = -2694.0097 cm-1
(  -1.2074E+003,   3.1936E+003)     (  -1.0942E+000,  -8.6246E-002)     (   3.2517E-003,  -9.9798E-003)
(  -2.5524E-002,  -4.5566E-001)     (  -1.5883E+003,   1.3227E+003)     (  -1.3737E-002,   2.5239E-002)
(  -9.7649E-004,  -8.2665E-003)     (  -1.8747E-002,   2.5815E-002)     (   6.7540E-006,   6.3063E-006)
 
Raman band +005-005 =     0.0000 cm-1
(   1.2359E+003,   2.1373E+003)     (  -8.5524E-001,  -3.1985E-001)     (  -1.3353E-003,   7.3529E-004)
(  -4.8343E-001,  -6.2715E-001)     (   6.8607E+002,   1.6674E+003)     (   1.6746E-003,  -5.5144E-004)
(  -4.9584E-004,   2.3179E-003)     (   3.3748E-003,  -1.9533E-003)     (   2.4453E-006,   1.2419E-006)
 
Raman band -005+005 =     0.0000 cm-1
(  -7.1215E+001,   3.6379E+003)     (   4.3828E-001,  -2.2297E-002)     (  -9.0610E-003,  -2.1562E-003)
(   1.6295E-002,  -1.3373E-001)     (  -8.8957E+002,   2.4345E+003)     (   1.2707E-002,   4.2418E-003)
(  -6.6545E-003,   1.6643E-003)     (   1.4907E-002,   7.2101E-003)     (   4.6463E-006,   3.0409E-006)
 
%%%%%%%%%%%%%%%%%%%%%%%%%%%%%%%%%%%%%%%%%%%%%%%%%%%%%%%%%%%%%%%%%%%%%%%%%%%%%%%%%%%%%%%%%%%%%%%%%%%%

 
total Raman tensor:
 
Raman band +005+006 =  2752.8507 cm-1
(  -8.4568E-001,   2.0357E+001)     (   2.3578E+003,  -6.3260E+003)     (   9.5932E-003,  -2.2579E-003)
(   4.2041E+003,  -5.6867E+002)     (   4.4630E+000,   1.2207E+001)     (  -6.1702E-003,   5.4364E-003)
(   5.7078E-003,  -1.0385E-002)     (  -6.9750E-003,   2.2852E-003)     (   9.7951E-007,  -1.8232E-006)
 
Raman band -005-006 = -2752.8507 cm-1
(  -3.8953E+001,   5.2764E+001)     (   1.3522E+004,   1.1797E+004)     (  -5.9807E-002,  -4.8210E-002)
(   1.0770E+004,   2.7717E+003)     (  -1.8038E+001,   3.0733E+001)     (   8.4384E-002,   3.2148E-002)
(   5.2281E-002,   4.3061E-002)     (   8.6771E-002,   6.6401E-002)     (   4.9456E-006,   1.5486E-006)
 
Raman band +005-006 =   -58.8410 cm-1
(   1.1683E+000,   1.8641E+001)     (   1.3274E+004,  -1.2564E+004)     (   2.9180E-002,   5.1233E-003)
(   5.2436E+003,   2.1225E+003)     (   8.5012E+000,   1.8246E+001)     (  -2.6810E-002,   5.0630E-003)
(   1.9337E-002,  -2.6073E-002)     (  -1.2629E-002,  -2.3774E-003)     (   7.2481E-008,   1.7855E-006)
 
Raman band -005+006 =    58.8410 cm-1
(   1.8899E+001,   2.6618E+001)     (   2.6415E+004,   2.1274E+003)     (  -9.6832E-003,   6.2842E-002)
(   4.8438E+003,   4.3615E+002)     (   5.1196E+000,   2.8898E+001)     (  -2.4749E-002,  -3.7794E-002)
(   7.2215E-002,  -3.8156E-002)     (   7.7967E-003,  -5.7456E-002)     (  -1.0096E-006,   4.1450E-006)
 
%%%%%%%%%%%%%%%%%%%%%%%%%%%%%%%%%%%%%%%%%%%%%%%%%%%%%%%%%%%%%%%%%%%%%%%%%%%%%%%%%%%%%%%%%%%%%%%%%%%%

 
total Raman tensor:
 
Raman band +006+001 =  1405.7302 cm-1
(   0.0000E+000,   0.0000E+000)     (   0.0000E+000,   0.0000E+000)     (   0.0000E+000,   0.0000E+000)
(   0.0000E+000,   0.0000E+000)     (   0.0000E+000,   0.0000E+000)     (   0.0000E+000,   0.0000E+000)
(   0.0000E+000,   0.0000E+000)     (   0.0000E+000,   0.0000E+000)     (   0.0000E+000,   0.0000E+000)
 
Raman band -006-001 = -1405.7302 cm-1
(   0.0000E+000,   0.0000E+000)     (   0.0000E+000,   0.0000E+000)     (   0.0000E+000,   0.0000E+000)
(   0.0000E+000,   0.0000E+000)     (   0.0000E+000,   0.0000E+000)     (   0.0000E+000,   0.0000E+000)
(   0.0000E+000,   0.0000E+000)     (   0.0000E+000,   0.0000E+000)     (   0.0000E+000,   0.0000E+000)
 
Raman band +006-001 =  1405.9614 cm-1
(   0.0000E+000,   0.0000E+000)     (   0.0000E+000,   0.0000E+000)     (   0.0000E+000,   0.0000E+000)
(   0.0000E+000,   0.0000E+000)     (   0.0000E+000,   0.0000E+000)     (   0.0000E+000,   0.0000E+000)
(   0.0000E+000,   0.0000E+000)     (   0.0000E+000,   0.0000E+000)     (   0.0000E+000,   0.0000E+000)
 
Raman band -006+001 = -1405.9614 cm-1
(   0.0000E+000,   0.0000E+000)     (   0.0000E+000,   0.0000E+000)     (   0.0000E+000,   0.0000E+000)
(   0.0000E+000,   0.0000E+000)     (   0.0000E+000,   0.0000E+000)     (   0.0000E+000,   0.0000E+000)
(   0.0000E+000,   0.0000E+000)     (   0.0000E+000,   0.0000E+000)     (   0.0000E+000,   0.0000E+000)
 
%%%%%%%%%%%%%%%%%%%%%%%%%%%%%%%%%%%%%%%%%%%%%%%%%%%%%%%%%%%%%%%%%%%%%%%%%%%%%%%%%%%%%%%%%%%%%%%%%%%%

 
total Raman tensor:
 
Raman band +006+002 =  1430.4592 cm-1
(  -4.1910E+000,  -8.9875E-001)     (  -8.8362E+001,   1.1566E+001)     (   1.1934E-004,   3.7630E-004)
(  -1.7952E+002,  -1.2692E+002)     (  -4.1439E+000,  -1.7295E+000)     (   6.7730E-004,   7.4413E-005)
(  -6.5305E-004,   6.0397E-005)     (   7.6972E-004,   1.1522E-004)     (  -1.5467E-008,   1.7939E-008)
 
Raman band -006-002 = -1430.4592 cm-1
(  -7.2281E-001,  -9.4294E+000)     (  -7.4311E+002,  -6.0509E+002)     (   9.1247E-005,   8.0998E-003)
(   5.5833E+002,   2.1945E+002)     (   1.5260E+000,  -8.8261E+000)     (  -1.0974E-003,  -1.3422E-003)
(   2.3021E-004,   1.1310E-003)     (  -8.8769E-004,  -2.5831E-003)     (   1.0655E-007,   7.3761E-009)
 
Raman band +006-002 =  1381.2324 cm-1
(  -4.2405E+000,  -9.2574E-001)     (  -9.0205E+001,   1.1716E+001)     (   1.3182E-004,   3.2702E-004)
(  -1.8260E+002,  -1.2973E+002)     (  -4.1903E+000,  -1.7701E+000)     (   6.6736E-004,   1.4304E-004)
(  -7.0300E-004,   9.9040E-005)     (   7.9932E-004,   6.5023E-005)     (  -7.6203E-009,   2.1903E-008)
 
Raman band -006+002 = -1381.2324 cm-1
(  -8.2306E-001,  -9.4989E+000)     (  -7.5283E+002,  -5.9186E+002)     (   3.7674E-004,   7.9282E-003)
(   5.8287E+002,   1.9848E+002)     (   1.4842E+000,  -8.9103E+000)     (  -1.1575E-003,  -1.2348E-003)
(   2.4314E-004,   1.0550E-003)     (  -1.0209E-003,  -2.4640E-003)     (   1.0772E-007,   7.4877E-009)
 
%%%%%%%%%%%%%%%%%%%%%%%%%%%%%%%%%%%%%%%%%%%%%%%%%%%%%%%%%%%%%%%%%%%%%%%%%%%%%%%%%%%%%%%%%%%%%%%%%%%%

 
total Raman tensor:
 
Raman band +006+003 =  1446.0855 cm-1
(   1.4719E+004,  -9.4331E+003)     (  -7.2825E-001,   1.2632E+000)     (   1.1075E-002,  -1.0706E-003)
(  -9.2367E-001,   1.3011E-001)     (   1.4956E+004,  -9.2214E+003)     (  -1.6705E-002,   2.9359E-003)
(   1.0231E-002,  -1.9899E-003)     (  -1.3054E-002,   2.6607E-003)     (   9.6059E-007,  -5.0964E-006)
 
Raman band -006-003 = -1446.0855 cm-1
(  -1.4861E+004,   1.8314E+004)     (   6.3169E+000,  -1.1785E+001)     (  -1.1306E-001,   8.5039E-002)
(   1.5272E+000,  -3.2797E+000)     (  -1.5690E+004,   1.8115E+004)     (   1.7752E-001,  -1.2091E-001)
(  -1.0758E-001,   7.6929E-002)     (   1.7590E-001,  -1.1756E-001)     (   9.3162E-006,  -1.2955E-005)
 
Raman band +006-003 =  1365.6062 cm-1
(   1.5263E+004,  -9.4765E+003)     (  -7.7940E-001,   1.2988E+000)     (   1.0655E-002,  -7.7719E-004)
(  -9.5588E-001,   1.1292E-001)     (   1.5503E+004,  -9.2568E+003)     (  -1.7847E-002,   2.4562E-003)
(   1.1450E-002,  -1.6627E-003)     (  -1.3069E-002,   2.0883E-003)     (   9.9439E-007,  -5.3885E-006)
 
Raman band -006+003 = -1365.6062 cm-1
(  -1.4935E+004,   1.9285E+004)     (   5.6810E+000,  -1.2136E+001)     (  -1.0732E-001,   9.0671E-002)
(   1.4184E+000,  -3.2436E+000)     (  -1.5785E+004,   1.9127E+004)     (   1.6845E-001,  -1.3016E-001)
(  -1.0209E-001,   8.2429E-002)     (   1.6718E-001,  -1.2674E-001)     (   9.2018E-006,  -1.2885E-005)
 
%%%%%%%%%%%%%%%%%%%%%%%%%%%%%%%%%%%%%%%%%%%%%%%%%%%%%%%%%%%%%%%%%%%%%%%%%%%%%%%%%%%%%%%%%%%%%%%%%%%%

 
total Raman tensor:
 
Raman band +006+004 =  2213.8573 cm-1
(  -1.0365E+000,   8.7603E-001)     (   6.3266E-002,  -1.0536E-003)     (  -2.7829E-006,  -1.2121E-006)
(   4.4595E-002,   7.2465E-002)     (  -7.8251E-001,   1.5921E-001)     (  -2.4295E-005,  -2.6801E-005)
(   3.3498E-006,  -8.7567E-006)     (  -1.8347E-005,  -4.7382E-005)     (  -1.8830E-010,   9.0271E-011)
 
Raman band -006-004 = -2213.8573 cm-1
(   5.1556E+000,  -1.4902E+000)     (  -4.5598E+000,  -7.4345E-001)     (   1.1843E-004,   5.8508E-005)
(  -1.9446E+000,  -1.8553E+000)     (   2.1467E+000,   6.9108E+000)     (   3.5395E-004,   9.5689E-005)
(   2.8081E-005,  -3.2167E-004)     (   3.4313E-004,  -1.1676E-004)     (   6.8769E-010,  -4.2493E-009)
 
Raman band +006-004 =   597.8344 cm-1
(  -2.7050E+000,   1.3087E+000)     (   2.1853E-001,   2.0691E-002)     (   2.6539E-006,  -1.7995E-006)
(   1.7252E-001,   2.1918E-001)     (  -1.8815E+000,   1.6336E-003)     (  -2.6000E-005,  -4.1980E-005)
(  -4.0648E-006,  -9.1391E-006)     (  -1.9245E-005,  -7.8129E-005)     (  -4.3330E-011,   9.3198E-010)
 
Raman band -006+004 =  -597.8344 cm-1
(   1.1351E+000,  -3.5677E+000)     (  -1.6938E+000,   2.4563E+000)     (   5.3696E-005,  -1.0609E-004)
(  -1.7337E+000,   6.1236E-001)     (   7.0654E+000,   2.5188E+000)     (   2.3257E-004,  -2.1438E-004)
(  -1.7561E-004,  -1.3901E-005)     (   1.4097E-004,  -1.5386E-004)     (  -3.0298E-009,  -9.5786E-010)
 
%%%%%%%%%%%%%%%%%%%%%%%%%%%%%%%%%%%%%%%%%%%%%%%%%%%%%%%%%%%%%%%%%%%%%%%%%%%%%%%%%%%%%%%%%%%%%%%%%%%%

 
total Raman tensor:
 
Raman band +006+005 =  2752.8507 cm-1
(   1.4940E+001,  -5.6637E+000)     (  -2.7221E+003,   6.1031E+003)     (  -1.0038E-002,   1.5914E-003)
(  -4.0038E+003,   3.0948E+002)     (   9.7078E+000,   2.2242E+000)     (   5.4784E-003,  -6.3108E-003)
(  -6.7787E-003,   9.8512E-003)     (   5.9638E-003,  -3.0132E-003)     (  -8.0102E-007,   1.9001E-006)
 
Raman band -006-005 = -2752.8507 cm-1
(   3.7643E+000,  -9.2746E+000)     (  -1.1842E+004,  -1.1506E+004)     (   7.1596E-002,   4.4093E-002)
(  -1.0265E+004,  -2.4881E+003)     (  -2.0369E+001,   1.0812E+001)     (  -8.4111E-002,  -2.8985E-002)
(  -3.6284E-002,  -6.8610E-002)     (  -8.6954E-002,  -6.7116E-002)     (  -5.5219E-006,  -1.0365E-006)
 
Raman band +006-005 =    58.8410 cm-1
(   1.7167E+001,   2.6314E+001)     (  -1.2572E+004,   1.1699E+004)     (  -2.9298E-002,  -3.7067E-003)
(  -4.9295E+003,  -2.0778E+003)     (   1.1511E+001,   2.2693E+001)     (   2.4357E-002,  -9.0959E-003)
(  -1.9168E-002,   2.4802E-002)     (   1.0990E-002,  -1.2421E-003)     (   1.7011E-007,  -1.6231E-006)
 
Raman band -006+005 =   -58.8410 cm-1
(  -3.4985E+001,   3.5909E+001)     (  -2.5034E+004,  -5.6781E+003)     (   1.8689E-002,  -6.4842E-002)
(  -4.4669E+003,   6.2383E+002)     (  -1.9523E+001,   3.7288E+001)     (   2.8493E-002,   3.9273E-002)
(  -8.8360E-002,   2.5947E-002)     (  -1.3140E-002,   5.4951E-002)     (   1.2962E-006,  -3.6591E-006)
 
%%%%%%%%%%%%%%%%%%%%%%%%%%%%%%%%%%%%%%%%%%%%%%%%%%%%%%%%%%%%%%%%%%%%%%%%%%%%%%%%%%%%%%%%%%%%%%%%%%%%

 
total Raman tensor:
 
Raman band +006+006 =  2811.6916 cm-1
(   1.3334E+005,   3.6775E+005)     (   2.3596E+000,  -1.0549E+001)     (   1.3700E-002,   2.2207E-001)
(   4.6785E+000,  -8.7615E+000)     (   1.3295E+005,   3.6673E+005)     (  -4.2851E-003,  -3.3753E-001)
(   4.1618E-003,   2.1840E-001)     (  -2.5853E-002,  -3.3239E-001)     (   6.0894E-005,   4.0662E-005)
 
Raman band -006-006 = -2811.6916 cm-1
(  -1.4612E+005,  -4.6234E+005)     (  -1.3606E+002,  -3.5810E+001)     (   2.4547E+000,  -3.0896E+000)
(  -7.0793E+001,  -1.4217E+001)     (  -1.4512E+005,  -4.6017E+005)     (  -4.1487E+000,   4.6485E+000)
(   2.5376E+000,  -2.6706E+000)     (  -3.9776E+000,   4.4796E+000)     (   3.5993E-004,   5.1763E-004)
 
Raman band +006-006 =     0.0000 cm-1
(  -3.1299E+005,   9.2777E+005)     (   3.3393E+001,  -3.0386E+001)     (  -3.9737E-001,   6.5419E-001)
(   3.5705E+001,  -1.8756E+001)     (  -3.1367E+005,   9.2494E+005)     (   6.8887E-001,  -1.1271E+000)
(  -4.4940E-001,   7.0203E-001)     (   5.7190E-001,  -9.6340E-001)     (   2.0301E-004,   1.3946E-004)
 
Raman band -006+006 =     0.0000 cm-1
(  -1.1779E+006,  -2.7534E+005)     (   3.8327E+001,   1.3847E+002)     (  -2.6396E+000,  -1.1392E+000)
(   5.0950E+001,   7.3750E+001)     (  -1.1745E+006,  -2.7336E+005)     (   3.9889E+000,   1.7809E+000)
(  -2.3797E+000,  -1.1480E+000)     (   3.9147E+000,   1.7026E+000)     (   3.1232E-004,   3.4106E-004)
 
%%%%%%%%%%%%%%%%%%%%%%%%%%%%%%%%%%%%%%%%%%%%%%%%%%%%%%%%%%%%%%%%%%%%%%%%%%%%%%%%%%%%%%%%%%%%%%%%%%%%

 
